tree
version=v4
num_class=1
num_tree_per_iteration=1
label_index=0
max_feature_idx=28
objective=regression
feature_names=ret_1d ret_5d ret_20d vol_20d vol_60d dist_sma20 zscore_60d DXY_ret_5d DXY_ret_20d DXY_vol_20d VIX_lvl VIX_ret_5d VIX_ret_20d VIX_vol_20d DGS10_lvl DGS10_ret_5d DGS10_ret_20d DGS10_vol_20d DFF_lvl DFF_ret_5d DFF_ret_20d DFF_vol_20d T10Y2Y_lvl T10Y2Y_ret_5d T10Y2Y_ret_20d T10Y2Y_vol_20d COPPER_ret_5d COPPER_ret_20d COPPER_vol_20d
feature_infos=[-0.12488260245214189:0.06218890282327294] [-0.12764813603400693:0.1098258035541777] [-0.17629174469888387:0.19205076900306839] [0.0009430652369104757:0.034266160845165865] [0.0016925342360626652:0.025268464597358022] [-0.073114441198262603:0.12667640912772044] [-4.4255050318821789:4.3247153971779726] [-0.079974460780886325:0.052918397191728417] [-0.10161625382829964:0.11629473925670908] [0.0012965675371935925:0.01288712818343282] [9.1400000000000006:82.689999999999998] [-0.55909291210651668:1.1407237740182365] [-0.76225097212909132:1.7991637635396711] [0.21885828147095893:10.231592920176725] [0.52000000000000002:5.2599999999999998] [-0.71149631922814183:0.36396537720141164] [-1.0608719606852626:0.36412376795172297] [0.015861240410776269:0.14514149176434346] [0.040000000000000001:5.4100000000000001] [-1.9924301646902063:1.4170660197866445] [-3.0910424533583156:1.5040773967762742] [0:0.61974082019060694] [-1.0800000000000001:2.9100000000000001] [-2.4849066497879999:2.3978952727983707] [-3.1354942159291492:3.0910424533583152] [0.0085069630922340617:0.13247045350806183] [-0.26397034778676443:0.18873944231605755] [-0.60895409632906017:0.34104771597443306] [0.0057941454813173737:0.065760647574406722]
tree_sizes=1546 1572 1576 1569 1567 1573 1563 1586 1567 1578 1579 1568 1567 1584 1572 1568 1573 1563 1558 1566 1571 1585 1578 1579 1573 1567 1569 1568 1578 1579 1582 1577 1577 1575 1586 1557 1581 1580 1568 1574 1578 1579 1565 1583 1585 1575 1566 1574 1582 1582 1571 1580 1581 1573

Tree=0
num_leaves=15
num_cat=0
split_feature=6 26 0 10 13 10 27 5 5 24 12 21 27 18
split_gain=0.0145434 0.0148525 0.0126909 0.0132432 0.00930856 0.00974755 0.00922312 0.00858452 0.00741228 0.00689476 0.00623863 0.0060235 0.00560632 0.00468389
threshold=-1.8378937860603848 0.016714527221190493 0.01950053654452422 17.755000000000006 1.420149638418535 20.075000000000003 0.0064954252856995751 1.0000000180025095e-35 -0.024491529697104903 -0.37839192642318575 0.026283342627915211 0.010259783520844067 0.05721955159412407 0.12500000000000003
decision_type=10 10 10 2 10 2 8 10 10 10 10 10 10 2
left_child=6 2 3 -2 5 11 -1 -3 -8 -6 -7 -5 -9 -11
right_child=1 7 -4 4 9 10 8 12 -10 13 -12 -13 -14 -15
leaf_value=0.00092725557295881894 0.00058356560817959119 0.00044511541977070262 0.00018692002701426775 0.00032291986520313826 0.00076222584027011494 2.5726675169822073e-05 0.00070327769567159431 0.00033500458287945333 0.00037117145398693599 0.00058129746980668231 0.00035894308692167301 0.00067339058917372896 7.697709190613764e-05 0.00040276734166307603
leaf_weight=94 1445 646 103 92 85 106 163 297 95 218 98 83 102 333
leaf_count=94 1445 646 103 92 85 106 163 297 95 218 98 83 102 333
internal_value=0.000490645 0.00047267 0.000511543 0.000525254 0.00044223 0.000324751 0.000674428 0.000377403 0.000580992 0.000512392 0.000184366 0.000489223 0.000268167 0.000473434
internal_weight=3960 3608 2563 2460 1015 379 352 1045 258 636 204 175 399 551
internal_count=3960 3608 2563 2460 1015 379 352 1045 258 636 204 175 399 551
is_linear=0
shrinkage=1


Tree=1
num_leaves=15
num_cat=0
split_feature=6 1 4 26 3 10 2 10 28 13 17 12 5 13
split_gain=0.0136915 0.0142521 0.021955 0.0146073 0.013702 0.00901312 0.00595151 0.00621516 0.00530232 0.00523975 0.00896532 0.00417326 0.00393128 0.00381397
threshold=-1.8378937860603848 0.028509178661442206 0.011559298259518297 0.016714527221190493 0.0093247460285266828 18.950000000000006 -0.032149583964777843 16.935000000000006 0.023828555528278287 1.3677578045497807 0.059253025423278372 0.13205801274850384 -0.014795367667297046 0.5144938746967721
decision_type=10 10 10 10 10 2 10 2 10 10 10 10 10 10
left_child=4 3 -3 5 -1 12 -5 13 9 -7 -11 -9 -2 -8
right_child=1 2 -4 6 -6 8 7 11 -10 10 -12 -13 -14 -15
leaf_value=2.8515649273447906e-06 0.00023105826016249278 3.2604989644658582e-05 -0.00058426026087545326 8.0861148160964031e-05 0.00037777931542044531 -0.00013866776997525045 -0.00023426892386187853 -0.00026477734942565568 -0.00024235409013878475 -4.8164641323078575e-05 0.00023327696669061756 -3.8961881286219797e-05 6.2263965253857932e-05 -1.1610039536317344e-05
leaf_weight=190 135 109 98 140 162 215 84 321 107 326 147 96 1456 374
leaf_count=190 135 109 98 140 162 215 84 321 107 326 147 96 1456 374
internal_value=-2.33379e-06 -1.97747e-05 -0.000260842 -5.02987e-06 0.000175985 3.55221e-05 -0.000100298 -0.000129343 -4.69238e-05 -1.62222e-05 3.961e-05 -0.000213009 7.67227e-05 -5.28685e-05
internal_weight=3960 3608 207 3401 352 2386 1015 875 795 688 473 417 1591 458
internal_count=3960 3608 207 3401 352 2386 1015 875 795 688 473 417 1591 458
is_linear=0
shrinkage=0.03


Tree=2
num_leaves=15
num_cat=0
split_feature=6 1 4 3 26 2 13 23 4 0 24 21 6 6
split_gain=0.0129731 0.0138055 0.0206703 0.0131475 0.0124444 0.00898377 0.00661469 0.00601187 0.00802516 0.00745793 0.00612059 0.00565392 0.0043353 0.00424115
threshold=-2.1499086019761902 0.028509178661442206 0.011559298259518297 0.0093247460285266828 0.016714527221190493 -0.032149583964777843 0.73404967907714103 -0.20674570949119661 0.0080571107434919357 -0.0065935287329264005 0.068756408961853685 0.057525126042081369 0.79925798019706196 0.42597027917129243
decision_type=10 10 10 10 10 10 10 8 10 10 10 10 10 10
left_child=3 4 -3 -1 6 -6 11 -8 -9 -10 13 12 -2 -11
right_child=1 2 -4 -5 5 -7 7 8 9 10 -12 -13 -14 -15
leaf_value=5.8853229729873477e-07 0.00021988248204665565 3.1635733047468502e-05 -0.00056690950803000076 0.00045979366080781608 0.00010823322794218011 -0.00012515014913093523 0.00025895816315158566 5.5773043510462705e-05 0.00010677661719715356 -2.965421948204215e-07 -0.00028011201690407943 -9.4159026514805939e-05 2.840142272680759e-05 -0.00018084919331653033
leaf_weight=118 351 109 98 106 177 898 81 949 167 322 157 91 153 183
leaf_count=118 351 109 98 106 177 898 81 949 167 322 157 91 153 183
internal_value=-2.26789e-06 -1.55877e-05 -0.000253097 0.000218969 -1.58837e-06 -8.66584e-05 3.56976e-05 7.81059e-06 -3.77002e-06 -7.19172e-05 -0.000117089 0.000122667 0.000161926 -6.59526e-05
internal_weight=3960 3736 207 224 3529 1075 2454 1859 1778 829 662 595 504 505
internal_count=3960 3736 207 224 3529 1075 2454 1859 1778 829 662 595 504 505
is_linear=0
shrinkage=0.03


Tree=3
num_leaves=15
num_cat=0
split_feature=6 28 5 27 27 10 2 5 24 28 2 2 2 20
split_gain=0.0122222 0.0127974 0.0139509 0.00846836 0.00827948 0.00675365 0.00744832 0.00674728 0.00652252 0.00554614 0.0055031 0.00536603 0.004179 0.00413353
threshold=-1.8378937860603848 0.023828555528278287 0.0016005547131182902 0.0064954252856995751 0.030727819933176363 18.715000000000003 -0.032453438452586074 -0.024491529697104903 -0.27318528059270103 0.016838654183136154 0.056276995287623872 -0.017161263982944593 0.01269389138099042 0.024299066721962918
decision_type=10 10 10 8 10 2 10 10 8 10 10 10 10 10
left_child=3 4 11 -1 8 12 -7 -5 -2 -8 13 -3 -6 -10
right_child=1 2 -4 7 5 6 9 -9 10 -11 -12 -13 -14 -15
leaf_value=0.00040852214620558933 0.00020747187406142763 0.00014532220368410515 -0.0004339312004573111 0.00019347191835549892 1.977128477011536e-05 6.739565102179767e-05 -0.00036559363133769327 -0.0001233569457235717 5.2895559305758724e-05 -9.8806033864265357e-05 -0.00019375533324718063 -0.00019179254297427284 -0.00020387318027298369 -4.1197954177128991e-05
leaf_weight=94 170 84 133 163 516 87 160 95 1466 126 107 84 87 588
leaf_count=94 170 84 133 163 516 87 160 95 1466 126 107 84 87 588
internal_value=-2.19968e-06 -1.86782e-05 -0.000205618 0.00016628 -1.60608e-06 -7.49204e-05 -0.000175075 7.67843e-05 2.91099e-05 -0.000248812 1.49892e-05 -2.33727e-05 -1.27799e-05 2.59524e-05
internal_weight=3960 3608 301 352 3307 976 373 258 2331 286 2161 168 603 2054
internal_count=3960 3608 301 352 3307 976 373 258 2331 286 2161 168 603 2054
is_linear=0
shrinkage=0.03


Tree=4
num_leaves=15
num_cat=0
split_feature=0 6 3 10 2 28 27 22 3 12 20 4 18 18
split_gain=0.01236 0.0111548 0.0134443 0.0119945 0.00845116 0.0118198 0.00857853 0.00546414 0.00651774 0.00503626 0.00498413 0.00484565 0.00461221 0.00983168
threshold=0.013240217563624148 -1.8378937860603848 0.0093247460285266828 17.395000000000003 -0.041526924209069442 0.023351227420244473 0.030727819933176363 -0.105 0.010742489484431792 -0.010237644442371739 -0.056725165066167753 0.011422074295797923 2.3850000000000002 1.0650000000000002
decision_type=10 10 10 2 10 10 10 2 10 10 10 10 2 2
left_child=1 2 -1 7 -5 6 12 -3 -9 -7 -8 -2 13 -6
right_child=11 3 -4 4 5 9 10 8 -10 -11 -12 -13 -14 -15
leaf_value=5.9734250899949623e-06 -7.4415828942769215e-05 0.00019990257142681481 0.00039031090515848538 0.0001683224358670746 -2.7922438997156719e-05 -0.00043669375122172403 -2.9305076295993505e-05 6.1524043530388972e-05 -8.2170628819777438e-05 -0.00013170415961455244 -0.00026502154980175772 -0.00031872498330852504 -0.00014774652790305588 0.00024517673054141561
leaf_weight=182 157 189 148 125 516 110 129 1294 363 89 216 137 152 153
leaf_count=182 157 189 148 125 516 110 129 1294 363 89 216 137 152 153
internal_value=-2.13791e-06 1.28916e-05 0.000179001 -3.58885e-06 -6.6882e-05 -8.85283e-05 -5.19308e-05 4.75068e-05 3.00142e-05 -0.000301632 -0.000177224 -0.000188955 8.71164e-07 3.48079e-05
internal_weight=3960 3666 330 3336 1490 1365 1166 1846 1657 199 345 294 821 669
internal_count=3960 3666 330 3336 1490 1365 1166 1846 1657 199 345 294 821 669
is_linear=0
shrinkage=0.03


Tree=5
num_leaves=15
num_cat=0
split_feature=4 2 24 1 3 6 9 21 9 25 22 11 23 14
split_gain=0.0138232 0.0178106 0.0168192 0.00965962 0.00893034 0.00641087 0.0062917 0.00564326 0.00524893 0.00584214 0.00684431 0.00504347 0.00487219 0.00480373
threshold=0.0080571107434919357 -0.048998355247324092 0.084847990223281614 0.034084841757992652 0.012040594545792127 0.42597027917129243 0.0041805857470091157 0.069590908228348403 0.0066396032286996903 0.045421996438648492 0.17500000000000002 -0.051275282535750082 0.037110137461051587 2.3450000000000002
decision_type=10 10 10 10 8 10 10 10 10 10 2 10 8 2
left_child=4 -2 3 5 -1 8 -4 13 9 10 -3 -8 -11 -7
right_child=1 2 6 -5 -6 7 11 -9 -10 12 -12 -13 -14 -15
leaf_value=4.4060545185295727e-05 0.00021544292582415672 0.00015443834903704077 -0.00012297719924821078 -0.00033451543781050152 0.00034612776400125213 -2.8820475159095205e-05 -0.00018241913472060909 0.00012368418218371786 -0.0002069862994162745 0.00036686137858850994 -4.6354713060940362e-05 -0.00048828200850294936 3.9183309741525188e-05 -0.00023360477322490798
leaf_weight=1680 201 211 168 92 92 175 81 80 80 83 546 127 80 251
leaf_count=1680 201 211 168 92 92 175 81 80 80 83 546 127 80 251
internal_value=-2.25167e-06 -5.2916e-05 -8.03366e-05 -3.77881e-05 5.99299e-05 -1.94513e-05 -0.000260588 -0.000106356 2.45846e-05 4.49241e-05 9.74261e-06 -0.000370615 0.000207257 -0.000149744
internal_weight=3947 2175 1974 1598 1772 1506 376 506 1000 920 757 208 163 426
internal_count=3947 2175 1974 1598 1772 1506 376 506 1000 920 757 208 163 426
is_linear=0
shrinkage=0.03


Tree=6
num_leaves=15
num_cat=0
split_feature=6 3 3 24 13 10 22 10 7 26 0 1 23 13
split_gain=0.0125805 0.0136108 0.0126524 0.0132605 0.00966791 0.0181457 0.0116668 0.00937087 0.00802759 0.00613524 0.0056093 0.00552818 0.00499772 0.00467262
threshold=-2.1499086019761902 0.010272193119610794 0.010924543345908489 0.098440072813252663 1.37365738277643 20.345000000000002 0.16500000000000004 18.795000000000005 0.0087844166194983603 -0.027831336515014345 0.0063721306878661297 -0.0019786121367939553 -0.096478972313751896 1.3677578045497807
decision_type=10 10 10 10 10 2 2 2 10 10 10 10 10 10
left_child=1 -1 7 4 5 9 -6 -2 13 -4 -8 12 -11 -9
right_child=2 -3 3 -5 6 -7 10 8 -10 11 -12 -13 -14 -15
leaf_value=1.251158642489605e-06 6.2324830667827188e-05 0.00046959628678592099 0.00017469400611783687 -0.00033207060285628986 0.00038011685855741321 -0.00046830907504013538 5.41432247010585e-05 -0.00022449507124572567 0.00012841641972915617 0.00018988458644837164 -0.00023165621385853031 -0.00021265300006802467 -0.00011238599654521854 -5.2974542852646696e-05
leaf_weight=122 1715 102 89 181 81 114 233 207 162 82 83 196 120 460
leaf_count=122 1715 102 89 181 81 114 233 207 162 82 83 196 120 460
internal_value=-2.18681e-06 0.000215655 -1.5348e-05 -9.65431e-05 -5.35376e-05 -0.000129342 6.12562e-05 2.23045e-05 -6.04631e-05 -4.91977e-05 -2.14183e-05 -9.95763e-05 1.06488e-05 -0.000106461
internal_weight=3947 224 3723 1179 998 601 397 2544 829 487 316 398 202 667
internal_count=3947 224 3723 1179 998 601 397 2544 829 487 316 398 202 667
is_linear=0
shrinkage=0.03


Tree=7
num_leaves=15
num_cat=0
split_feature=5 4 24 6 13 8 13 27 26 26 9 24 18 7
split_gain=0.0143302 0.0140376 0.0138717 0.0104288 0.0103606 0.0134937 0.0098448 0.00755245 0.00740844 0.00683569 0.00626596 0.00589335 0.00572002 0.00550344
threshold=-0.041190395906965827 0.0080571107434919357 0.084847990223281614 0.28767206015692626 1.37365738277643 0.0067049676702630743 0.95249995971687751 0.078390949696636694 -0.00038213763836275611 -0.023490517190908885 0.0042084645706356545 0.21047213934823086 0.12500000000000003 0.00013080873470938673
decision_type=10 10 10 10 10 10 10 8 10 10 10 10 2 10
left_child=-1 7 3 8 6 -6 -5 11 13 -7 -4 -2 -10 -3
right_child=1 2 10 4 5 9 -8 -9 12 -11 -12 -13 -14 -15
leaf_value=0.00035062263300091268 5.0421480986312306e-05 -3.7248471964726613e-07 -9.4265214487638526e-05 -0.00011327077647992751 -0.00027467558083914164 0.00035803878778012383 -0.00044451450931353977 -0.00019332618133564709 -0.00020575275473805855 -4.2267596990523783e-06 -0.00033301795997847823 0.00025347236195886308 1.2169537136328131e-05 0.00021168355139335206
leaf_weight=100 1482 189 186 231 96 85 124 105 138 103 213 140 492 263
leaf_count=100 1482 189 186 231 96 85 124 105 138 103 213 140 492 263
internal_value=-2.12253e-06 -1.13806e-05 -6.30904e-05 -2.60867e-05 -0.000122086 1.30113e-05 -0.000229896 5.20961e-05 3.06682e-05 0.000160591 -0.000222234 6.80928e-05 -3.58162e-05 0.000123209
internal_weight=3947 3847 2120 1721 639 284 355 1727 1082 188 399 1622 630 452
internal_count=3947 3847 2120 1721 639 284 355 1727 1082 188 399 1622 630 452
is_linear=0
shrinkage=0.03


Tree=8
num_leaves=15
num_cat=0
split_feature=5 26 2 0 1 21 7 10 13 8 22 22 18 10
split_gain=0.0134917 0.0116456 0.00837225 0.00836572 0.00777191 0.00581819 0.00581679 0.00885987 0.00652642 0.00548602 0.0051053 0.00798939 0.00488665 0.00746172
threshold=-0.041190395906965827 0.016359096989503056 -0.047780915964835018 -0.0098314435788311432 0.034084841757992652 0.078907006944781269 0.011104359941749299 20.805000000000003 1.37365738277643 -0.0048471824315465808 1.4350000000000003 0.54500000000000015 1.0650000000000002 25.175000000000004
decision_type=10 10 10 10 10 10 10 2 10 10 2 2 2 2
left_child=-1 3 -3 9 6 -4 7 -5 -9 -2 11 -8 13 -10
right_child=1 2 5 4 -6 -7 10 8 12 -11 -12 -13 -14 -15
leaf_value=0.00034020810400707519 1.5673774305656648e-05 0.00019415476628806613 -8.9982659415682059e-05 3.4478736159182289e-05 -0.00024352869173271415 -0.0003215568766922801 0.00021436092175215228 -0.00031087271154606958 0.00010668810351405206 0.00030821844247161764 0.00025868294152202835 -0.00017288898951524207 0.00010691021439197357 -0.00023339899658700837
leaf_weight=100 96 85 959 1508 106 108 98 113 85 144 155 92 119 179
leaf_count=100 96 85 959 1508 106 108 98 113 85 144 155 92 119 179
internal_value=-2.0621e-06 -1.10453e-05 -9.08376e-05 2.30837e-05 6.52342e-06 -0.000113701 1.7906e-05 -1.70498e-06 -0.000111563 0.000191751 0.000131496 2.6927e-05 -5.21026e-05 -0.000123912
internal_weight=3947 3847 1152 2695 2455 1067 2349 2004 496 240 345 190 383 264
internal_count=3947 3847 1152 2695 2455 1067 2349 2004 496 240 345 190 383 264
is_linear=0
shrinkage=0.03


Tree=9
num_leaves=15
num_cat=0
split_feature=5 26 7 28 6 2 0 3 1 23 3 14 27 14
split_gain=0.012702 0.0109587 0.00794218 0.0110827 0.0119263 0.00788163 0.00744023 0.00692511 0.00646788 0.00489923 0.00589645 0.00481556 0.004595 0.00389878
threshold=-0.041190395906965827 0.016359096989503056 0.017784745767016833 0.022578656871309759 0.61921732501289617 -0.047780915964835018 -0.0098314435788311432 0.0079288904589742398 0.0039780680163357127 -0.20674570949119661 0.0062190999874446483 3.4750000000000005 0.021226073336690413 4.0050000000000008
decision_type=10 10 10 8 10 10 10 10 10 8 8 2 10 2
left_child=-1 2 3 6 -5 -3 -2 -7 -9 -8 -11 -12 13 -13
right_child=1 5 -4 4 -6 7 9 8 -10 10 11 12 -14 -15
leaf_value=0.00033010291544798909 0.00020417747556540386 0.0001883978480175354 0.00022671157811256413 -9.7244616285664397e-06 -0.00047998239017611505 -3.2397053213000096e-05 0.00023890883270058378 -0.00012517261468686681 -0.00036469378962839769 6.8698853968336026e-05 -7.6637003138603179e-05 0.00026208355022950294 -9.3753934614896741e-05 3.1387501891643564e-05
leaf_weight=100 196 85 160 117 82 524 81 408 135 761 874 103 140 181
leaf_count=100 196 85 160 117 82 524 81 408 135 761 874 103 140 181
internal_value=-1.99866e-06 -1.07149e-05 2.23921e-05 9.41188e-06 -0.00020493 -8.81181e-05 2.77512e-05 -0.000110302 -0.000185283 1.15047e-05 2.44712e-06 -3.64184e-05 4.64704e-05 0.000115681
internal_weight=3947 3847 2695 2535 199 1152 2336 1067 543 2140 2059 1298 424 284
internal_count=3947 3847 2695 2535 199 1152 2336 1067 543 2140 2059 1298 424 284
is_linear=0
shrinkage=0.03


Tree=10
num_leaves=15
num_cat=0
split_feature=4 7 6 12 26 5 24 15 10 4 3 12 1 20
split_gain=0.00900042 0.00925983 0.00832104 0.00984295 0.00904669 0.00811161 0.00931649 0.00558156 0.00492769 0.00573098 0.00460517 0.00451705 0.00433228 0.00412719
threshold=0.0093057394743348478 0.017784745767016833 0.075263816064470662 -0.016318263468445112 -0.028521203860856988 -0.033976259051577251 0.12370408665692048 0.054236071958193362 16.625000000000004 0.0089662961821416563 0.011310658275859536 0.087306793376479078 0.012808501549109065 -0.14649150464712349
decision_type=10 10 10 10 10 10 10 10 2 8 10 10 10 8
left_child=1 8 5 10 -5 -2 7 -7 11 -10 -4 13 -6 -1
right_child=2 -3 3 4 12 6 -8 -9 9 -11 -12 -13 -14 -15
leaf_value=0.00029664847928648756 0.00027873840885024099 0.00031719242636277115 -0.00010987147893332402 0.00016600015755530501 -5.1839853926110889e-05 4.0855145624194724e-05 -0.00023476544645262357 -0.00021942591993493116 -5.3361032699815118e-05 0.0001874753083102405 -0.00035040707552903578 -7.0137594134743827e-05 -0.00030824412284158011 7.3860529445586183e-05
leaf_weight=81 86 102 117 135 188 774 157 81 803 99 189 181 86 879
leaf_count=81 86 102 117 135 188 774 157 81 803 99 189 181 86 879
internal_value=-1.94002e-06 3.96428e-05 -5.11323e-05 -0.0001307 -3.42413e-05 7.52606e-07 -2.31225e-05 1.59694e-05 2.56373e-05 -2.67494e-05 -0.000259095 6.7038e-05 -0.000133145 9.29474e-05
internal_weight=3958 2145 1813 715 409 1098 1012 855 2043 902 306 1141 274 960
internal_count=3958 2145 1813 715 409 1098 1012 855 2043 902 306 1141 274 960
is_linear=0
shrinkage=0.03


Tree=11
num_leaves=15
num_cat=0
split_feature=4 5 26 4 4 10 3 13 13 10 13 18 21 21
split_gain=0.00849926 0.00802219 0.0112729 0.0132441 0.00784482 0.00845054 0.00625028 0.00534954 0.00706337 0.00620694 0.00528815 0.00449235 0.00417158 0.00334537
threshold=0.0091192945773266986 1.0000000180025095e-35 -0.03603641384613087 0.012640397128552434 0.0089662961821416563 18.795000000000005 0.016807406720784162 0.70476548954749407 1.2676180358943134 20.075000000000003 0.57212235630787101 1.4150000000000003 0.013168942730205265 0.029680290306485262
decision_type=10 10 10 10 8 2 10 10 10 2 10 2 10 10
left_child=4 7 3 -3 5 -1 11 10 9 12 -2 -4 -9 -13
right_child=1 2 6 -5 -6 -7 -8 8 -10 -11 -12 13 -14 -15
leaf_value=6.3059787868986652e-05 2.4581240420726012e-05 0.00035674201754114492 -0.00020268302790178234 -0.00017486131089709686 0.00025010151642876539 -7.5022402731303439e-05 -0.00040466348924148346 -0.00016437857010640907 4.2236334678525433e-05 -0.00030918598594191694 0.00030652642921979902 0.00012354162478004583 0.0001049877131168314 -0.00012551747065232168
leaf_weight=1392 172 86 349 81 147 558 92 110 464 121 91 81 96 118
leaf_count=1392 172 86 349 81 147 558 92 110 464 121 91 81 96 118
internal_value=-1.8821e-06 -4.85344e-05 -0.000119655 9.93924e-05 3.95233e-05 2.35288e-05 -0.000176878 5.98102e-06 -3.30088e-05 -0.000139582 0.000122928 -0.000137969 -3.89479e-05 -2.40308e-05
internal_weight=3958 1861 807 167 2097 1950 640 1054 791 327 263 548 206 199
internal_count=3958 1861 807 167 2097 1950 640 1054 791 327 263 548 206 199
is_linear=0
shrinkage=0.03


Tree=12
num_leaves=15
num_cat=0
split_feature=4 5 26 4 7 3 13 13 10 10 13 11 4 25
split_gain=0.00799887 0.00755007 0.0106115 0.0124704 0.00742072 0.00588633 0.00503671 0.00664867 0.00584311 0.00501937 0.0049791 0.00492327 0.00448781 0.00495915
threshold=0.0091192945773266986 1.0000000180025095e-35 -0.03603641384613087 0.012640397128552434 0.017784745767016833 0.016807406720784162 0.70476548954749407 1.2676180358943134 20.075000000000003 16.625000000000004 0.57212235630787101 -0.016002017902587481 0.0075034659749881553 0.031701734968294669
decision_type=10 10 10 10 10 10 10 10 2 2 10 10 8 10
left_child=4 6 3 -3 9 -4 10 8 -8 -1 -2 -11 -13 -14
right_child=1 2 5 -5 -6 -7 7 -9 -10 11 -12 12 13 -15
leaf_value=6.7514384855273644e-05 2.3848066034036548e-05 0.00034616277016727415 -0.00013384154598443176 -0.00016967944764651404 0.00029323827010093551 -0.00039265412179680245 -3.7788061380906845e-05 4.0971966715240394e-05 -0.00029998643379124091 -0.00011831739987233698 0.00029743059221167955 -3.817154407829347e-05 -4.0266671351640035e-05 0.00026525100921898521
leaf_weight=1130 172 86 548 81 97 92 206 464 121 335 91 338 80 117
leaf_count=1130 172 86 548 81 97 92 206 464 121 335 91 338 80 117
internal_value=-1.82704e-06 -4.70852e-05 -0.000116081 9.64431e-05 3.8341e-05 -0.0001716 5.80173e-06 -3.20309e-05 -0.000135428 2.58381e-05 0.000119278 -2.83086e-05 2.81677e-05 0.000141606
internal_weight=3958 1861 807 167 2097 640 1054 791 327 2000 263 870 535 197
internal_count=3958 1861 807 167 2097 640 1054 791 327 2000 263 870 535 197
is_linear=0
shrinkage=0.03


Tree=13
num_leaves=15
num_cat=0
split_feature=4 6 8 25 4 1 24 26 3 15 4 9 21 8
split_gain=0.00752821 0.00725347 0.00994431 0.0140549 0.00719904 0.00693352 0.00906975 0.00681484 0.00541133 0.00477762 0.00419185 0.00350964 0.0033784 0.00416465
threshold=0.0091192945773266986 0.075263816064470662 0.0067049676702630743 0.044091704961740967 0.0089662961821416563 -0.01995442285424431 0.12370408665692048 -0.0088362217629084343 0.015752740522131374 0.049941125307417157 0.013844538464288146 0.0033371269963941223 0.0085839507527806034 0.0067049676702630743
decision_type=10 10 10 10 8 10 10 10 10 10 10 10 10 10
left_child=4 5 8 10 11 -2 9 -5 -3 -7 -4 12 13 -1
right_child=1 2 3 7 -6 6 -8 -9 -10 -11 -12 -13 -14 -15
leaf_value=-4.7955281676021948e-05 0.00015033355629364426 -0.00016571414377029945 -0.00029707768843218217 0.00034554539490491151 0.00023892114796175565 3.3186552746674885e-05 -0.00025252062530088209 -2.5638561799294416e-05 -0.00043953766372365421 -0.00020549038145006361 -1.9532970740588745e-05 -8.0162278299905242e-06 0.00016592786775498873 0.00013757753640913773
leaf_weight=268 226 267 119 99 147 673 144 80 86 84 83 1257 243 182
leaf_count=268 226 267 119 99 147 673 144 80 86 84 83 1257 243 182
internal_value=-1.77144e-06 -4.56779e-05 -0.000118998 -1.25976e-05 3.71969e-05 2.13766e-06 -3.51601e-05 0.000180432 -0.000233478 6.46577e-06 -0.000183695 2.18753e-05 7.60275e-05 2.72211e-05
internal_weight=3958 1861 734 381 2097 1127 901 179 353 757 202 1950 693 450
internal_count=3958 1861 734 381 2097 1127 901 179 353 757 202 1950 693 450
is_linear=0
shrinkage=0.03


Tree=14
num_leaves=15
num_cat=0
split_feature=27 6 10 13 13 28 10 25 8 0 10 23 26 3
split_gain=0.00727576 0.0103432 0.00725474 0.00608672 0.00884139 0.00599407 0.00540408 0.00525564 0.00844807 0.00625532 0.00523183 0.00480684 0.00418926 0.00396118
threshold=0.015035656722930392 -1.3809869658275942 19.055000000000003 1.4355246136108704 1.7543799399631519 0.023473298611444603 11.995000000000003 0.030105079130832459 0.0060483472749393039 0.0093963017570115621 14.235000000000001 -0.17290272402182541 -0.020421693170126539 0.011163924687275813
decision_type=10 10 2 10 10 10 2 10 10 10 2 10 10 10
left_child=1 12 6 -4 -5 7 -2 9 10 11 -9 -3 -1 -13
right_child=2 5 3 4 -6 -7 -8 8 -10 -11 -12 13 -14 -15
leaf_value=0.00040228762121707272 -0.00013473967830886634 0.00013982919667750017 -0.00023588301480978972 0.00017642368239820998 -0.00014002144692390822 -0.00017107058394144956 3.4785658200940745e-05 0.00018239272226734708 0.00015676532867571724 -0.00027570447013540954 -7.4230316910463189e-05 -6.9053768571874113e-06 0.00012745974577006158 -0.00021690461703482026
leaf_weight=80 211 175 269 110 279 147 838 89 528 80 347 578 134 93
leaf_count=80 211 175 269 110 279 147 838 89 528 80 347 578 134 93
internal_value=-1.72125e-06 3.3693e-05 -4.8414e-05 -0.000126421 -5.03153e-05 1.27989e-05 5.90815e-07 2.71828e-05 7.61783e-05 -2.38505e-05 -2.15488e-05 2.62918e-07 0.000231592 -3.62905e-05
internal_weight=3958 2251 1707 658 389 2037 1049 1890 964 926 436 846 214 671
internal_count=3958 2251 1707 658 389 2037 1049 1890 964 926 436 846 214 671
is_linear=0
shrinkage=0.03


Tree=15
num_leaves=15
num_cat=0
split_feature=5 27 0 18 18 21 2 2 4 25 27 6 21 2
split_gain=0.0128036 0.00941884 0.00966334 0.007401 0.00798094 0.00640334 0.0108641 0.00565024 0.00571474 0.00435672 0.00411503 0.0049513 0.00397232 0.00660897
threshold=-0.041190395906965827 0.015035656722930392 -0.012404734307762675 2.7950000000000004 4.8850000000000007 0.11185045418587732 0.055035758785825457 -0.012039403712230444 0.0085816694645620226 0.04050339813466964 0.030727819933176363 -0.51530019638821722 0.025687867280452265 0.030578477004612917
decision_type=10 8 10 2 2 10 10 8 8 10 8 8 10 10
left_child=-1 2 -2 7 -5 6 12 9 -9 -3 -10 -12 -4 -14
right_child=1 3 5 4 -6 -7 -8 8 10 -11 11 -13 13 -15
leaf_value=0.00033484995859034823 0.00029956473661181722 -1.152595789646814e-05 5.1833852744560582e-05 -0.00028303642277562713 -1.7218631363158982e-05 0.00020735267249669099 -0.00027264709020257647 4.90909168862831e-06 9.113330382984187e-06 0.00016385386526508226 -4.1976664612842041e-05 -0.000327555823366257 6.9995954290339949e-06 -0.0002424822388287289
leaf_weight=99 114 462 1227 242 175 147 120 302 82 175 81 169 485 118
leaf_count=99 114 462 1227 242 175 147 120 302 82 175 81 169 485 118
internal_value=-3.39599e-07 -8.93412e-06 3.18021e-05 -6.2279e-05 -0.00017179 1.71098e-05 2.66945e-06 -2.62429e-05 -8.95791e-05 3.68366e-05 -0.000175286 -0.000235564 2.0862e-05 -4.21417e-05
internal_weight=3998 3899 2211 1688 417 2097 1950 1271 634 637 332 250 1830 603
internal_count=3998 3899 2211 1688 417 2097 1950 1271 634 637 332 250 1830 603
is_linear=0
shrinkage=0.03


Tree=16
num_leaves=15
num_cat=0
split_feature=5 1 4 6 10 13 28 17 17 22 24 21 25 2
split_gain=0.0120545 0.00918847 0.0217259 0.00603654 0.00653748 0.00952227 0.0082294 0.00742133 0.00680914 0.0064809 0.00622776 0.00542589 0.0053702 0.00490638
threshold=-0.041190395906965827 0.029490105169392326 0.011244611912575525 2.5322337343466157 19.115000000000006 1.3590539952883012 0.027203113703499589 0.056841191218523206 0.032107957700089347 1.9850000000000001 0.021165403822558663 0.016559295690476736 0.044659530720894521 0.030578477004612917
decision_type=10 10 10 8 2 10 10 10 10 2 8 10 8 10
left_child=-1 3 -3 4 12 10 7 8 -7 11 -6 -9 13 -2
right_child=1 2 -4 -5 5 6 -8 9 -10 -11 -12 -13 -14 -15
leaf_value=0.00032490491059434135 2.9591529943692805e-05 9.9006852619104856e-05 -0.00048854887688844629 0.00021478055196497828 -4.296435907124352e-05 0.00019681960063670496 -0.00022280611095688285 0.00042925159667303397 -0.00010170185571304931 -4.2905865438545951e-05 -0.00030047389314138783 0.00011486578108474532 0.00017331466485064916 -0.00010617000807833984
leaf_weight=99 1815 113 112 116 146 83 136 81 379 113 201 127 202 275
leaf_count=99 1815 113 112 116 146 83 136 81 379 113 201 127 202 275
internal_value=-3.30296e-07 -8.66958e-06 -0.000194333 2.75045e-06 -4.22069e-06 -5.89105e-05 -8.29143e-06 2.92045e-05 -4.77621e-05 0.000139783 -0.000192562 0.000238763 2.60001e-05 1.16859e-05
internal_weight=3998 3899 225 3674 3558 1266 919 783 462 321 347 208 2292 2090
internal_count=3998 3899 225 3674 3558 1266 919 783 462 321 347 208 2292 2090
is_linear=0
shrinkage=0.03


Tree=17
num_leaves=15
num_cat=0
split_feature=5 27 25 28 6 18 10 24 23 25 10 6 4 26
split_gain=0.0113489 0.00880285 0.00907402 0.0108552 0.0100089 0.00690823 0.00768352 0.0062521 0.00531694 0.00460811 0.00699987 0.0066675 0.0076922 0.0044064
threshold=-0.041190395906965827 0.015035656722930392 0.069269673357466185 0.021999694749752205 0.74156863647134263 2.7950000000000004 18.795000000000005 -0.40546510810816427 0.12480865871370604 0.030105079130832459 13.955000000000002 0.81583490636577649 0.0097267938698054005 0.010465340549681014
decision_type=10 8 10 10 8 2 2 8 10 10 2 8 8 10
left_child=-1 2 3 7 -5 8 -7 -2 -3 11 -11 13 -13 -9
right_child=1 5 -4 4 -6 6 -8 9 -10 10 -12 12 -14 -15
leaf_value=0.00031525523599848385 0.00029366110364030534 -4.1234145039600954e-05 0.00028138199872223705 1.1262399653021834e-05 -0.00043251669285177994 -9.6635801757902242e-05 -0.00040639015749254593 9.7488879642158415e-05 0.00020853125955909489 0.00023910055726923554 3.1879033939098166e-05 -3.8117531354796298e-05 -0.00034768425663653994 -9.9153049563839961e-05
leaf_weight=99 81 1190 122 94 88 325 92 391 81 182 742 276 97 138
leaf_count=99 81 1190 122 94 88 325 92 391 81 182 742 276 97 138
internal_value=-3.18309e-07 -8.40986e-06 3.09717e-05 1.62198e-05 -0.000204503 -5.9981e-05 -0.000165784 3.73813e-05 -2.51653e-05 2.58584e-05 7.29098e-05 -2.23679e-05 -0.000119336 4.61007e-05
internal_weight=3998 3899 2211 2089 182 1688 417 1907 1271 1826 924 902 373 529
internal_count=3998 3899 2211 2089 182 1688 417 1907 1271 1826 924 902 373 529
is_linear=0
shrinkage=0.03


Tree=18
num_leaves=15
num_cat=0
split_feature=5 1 13 26 25 13 21 2 18 10 13 7 9 12
split_gain=0.0106848 0.00864666 0.0198138 0.00692223 0.0090272 0.00526675 0.00553193 0.00511695 0.00689147 0.00527624 0.00540034 0.00399341 0.00500241 0.0037907
threshold=-0.041190395906965827 0.029490105169392326 1.37365738277643 0.012080481386204879 0.068518142838527654 0.71648263099713405 0.060326913090396277 -0.032149583964777843 1.0650000000000002 16.73 0.5144938746967721 0.017784745767016833 0.0060406519912271214 0.14328695976308772
decision_type=10 10 10 10 10 8 10 10 2 2 10 10 8 10
left_child=-1 3 -3 4 5 6 -2 8 -5 10 -9 12 -7 -11
right_child=1 2 -4 7 -6 11 -8 9 -10 13 -12 -13 -14 -15
leaf_value=0.0003058921563744661 0.00014061709336220799 -0.00045236142227076922 0.00010967515738110849 0.0002147559886063065 0.00033556675270394706 2.3136976251694902e-06 -0.00011446435032577118 -0.00019771267260223574 -0.00013201667387225565 -0.00018723677377145454 3.1245024949042428e-05 0.00020115842566829762 -0.00017908996217291687 7.0484424012929905e-06
leaf_weight=99 486 119 106 133 85 1456 90 115 83 420 461 80 150 115
leaf_count=99 486 119 106 133 85 1456 90 115 83 420 461 80 150 115
internal_value=-3.08634e-07 -8.15986e-06 -0.000188266 2.91828e-06 3.38779e-05 2.2398e-05 0.000100631 -5.18228e-05 8.15111e-05 -7.77954e-05 -1.47304e-05 -4.37326e-06 -1.47303e-05 -0.000145539
internal_weight=3998 3899 225 3674 2347 2262 576 1327 216 1111 576 1686 1606 535
internal_count=3998 3899 225 3674 2347 2262 576 1327 216 1111 576 1686 1606 535
is_linear=0
shrinkage=0.03


Tree=19
num_leaves=15
num_cat=0
split_feature=1 13 0 7 14 10 13 28 3 9 16 25 14 28
split_gain=0.0091728 0.0170977 0.00761951 0.00625386 0.00606999 0.00577793 0.00801512 0.00640672 0.00685539 0.0055458 0.00550379 0.00500635 0.00456856 0.00467805
threshold=0.029490105169392326 1.37365738277643 -0.015341146284245431 0.010413129189660532 3.9350000000000005 19.115000000000006 1.3590539952883012 0.027203113703499589 0.013661742753193536 0.0052616345803681184 0.12060161555383338 0.044091704961740967 2.8650000000000007 0.014117220842490402
decision_type=8 8 10 10 2 2 10 10 8 10 10 10 2 10
left_child=2 -2 -1 5 12 11 9 8 10 -7 -8 -4 13 -5
right_child=1 -3 3 4 -6 6 7 -9 -10 -11 -12 -13 -14 -15
leaf_value=0.00018763499598435372 -0.00041886330815203997 8.8960016578996329e-05 -1.9666932915256061e-07 0.00020866311250487341 -0.00012533348949951491 -0.00028150337621734645 -6.1439660422567605e-05 -0.00024155160140172384 0.00025836179110532006 5.3393240703050701e-06 0.00020271123035394317 0.00015744840247129132 0.00030802542232555508 -5.7281623571486157e-05
leaf_weight=207 126 112 1850 124 82 217 490 100 89 84 82 200 122 113
leaf_count=207 126 112 1850 124 82 217 490 100 89 84 82 200 122 113
internal_value=-2.98734e-07 -0.000180515 1.11536e-05 8.21733e-07 0.000106419 -1.41718e-05 -7.09312e-05 -1.90105e-05 1.49709e-05 -0.000201702 -2.32842e-05 1.52526e-05 0.000159555 8.21546e-05
internal_weight=3998 238 3760 3553 441 3112 1062 761 661 301 572 2050 359 237
internal_count=3998 238 3760 3553 441 3112 1062 761 661 301 572 2050 359 237
is_linear=0
shrinkage=0.03


Tree=20
num_leaves=15
num_cat=0
split_feature=0 4 23 6 13 24 1 10 17 7 10 1 4 13
split_gain=0.0100142 0.00880059 0.00963391 0.00932012 0.00788535 0.00770448 0.00822139 0.00634829 0.00629439 0.00621081 0.0051752 0.00546494 0.00506394 0.00465816
threshold=-0.015341146284245431 0.0080571107434919357 -0.21434273995750228 0.029893570859733699 2.7477547920942103 0.043989611864432905 0.021212183902394436 16.625000000000004 0.031556132109056632 0.0058535250255786772 27.595000000000002 -0.015036812999756675 0.011422074295797923 0.61852264372888877
decision_type=10 10 8 10 8 8 10 2 10 10 2 10 10 10
left_child=12 4 -3 9 7 13 -7 -2 -9 10 11 -4 -1 -5
right_child=1 2 3 5 -6 6 -8 8 -10 -11 -12 -13 -14 -15
leaf_value=0.00035464540692787107 6.8856990092961318e-05 0.00023405799458784286 0.00010248802947281323 -0.00026639689551937108 0.00030244776211360374 -0.0001716321679521657 -0.0005143610628241303 0.00019170151587227829 -8.8309386986501137e-05 0.00011082851661563809 -0.0002439802949842954 -7.8805953615655193e-05 6.5197089939696213e-05 -2.0444085026626191e-05
leaf_weight=98 990 97 211 85 94 251 84 82 559 267 112 508 122 358
leaf_count=98 990 97 211 85 94 251 84 82 559 267 112 508 122 358
internal_value=-1.01543e-06 -1.27355e-05 -5.59961e-05 -7.11103e-05 3.67484e-05 -0.000150477 -0.000258845 2.12593e-05 -5.22462e-05 -1.47884e-05 -5.52338e-05 -2.55344e-05 0.000195154 -6.81296e-05
internal_weight=3918 3698 1973 1876 1725 778 335 1631 641 1098 831 719 220 443
internal_count=3918 3698 1973 1876 1725 778 335 1631 641 1098 831 719 220 443
is_linear=0
shrinkage=0.03


Tree=21
num_leaves=15
num_cat=0
split_feature=0 4 23 2 24 24 2 26 4 16 28 5 25 18
split_gain=0.00942794 0.00828437 0.00907 0.00881198 0.00678285 0.00663019 0.0140954 0.00505364 0.00476778 0.00463559 0.00532789 0.00399865 0.00361567 0.00358254
threshold=-0.015341146284245431 0.0080571107434919357 -0.21434273995750228 0.055035758785825457 0.21047213934823086 0.036904556935450729 -0.028545418106953765 -0.00075779427184274873 0.011422074295797923 -0.063085279638596656 0.013346019078440902 0.01411721385928502 0.03485307507387634 0.13500000000000004
decision_type=10 10 8 10 10 10 10 10 10 10 10 10 10 2
left_child=8 4 -3 5 -2 7 -7 9 -1 -4 -11 13 -12 -9
right_child=1 2 3 -5 -6 6 -8 11 -10 10 12 -13 -14 -15
leaf_value=0.00034411350930344214 1.8458135766379206e-05 0.00022710790598262529 -9.8164708625873316e-05 -0.00035214495768044833 0.00024148061749670012 0.00015322919797746106 -0.00023398992552083511 -0.00019580228524663934 6.3257079632532577e-05 -4.4999993815508783e-05 8.2612306661842947e-05 -0.00026108092275903342 0.00029975533342242971 -1.0585614018311106e-05
leaf_weight=98 1593 97 150 93 132 108 380 115 122 159 171 88 116 496
leaf_count=98 1593 97 150 93 132 108 380 115 122 159 171 88 116 496
internal_value=-9.84608e-07 -1.23565e-05 -5.43291e-05 -6.89943e-05 3.56542e-05 -5.40363e-05 -0.000148156 -1.84819e-05 0.000189357 4.5658e-05 9.41402e-05 -7.31576e-05 0.000171114 -4.57093e-05
internal_weight=3918 3698 1973 1876 1725 1783 488 1295 220 596 446 699 287 611
internal_count=3918 3698 1973 1876 1725 1783 488 1295 220 596 446 699 287 611
is_linear=0
shrinkage=0.03


Tree=22
num_leaves=15
num_cat=0
split_feature=7 6 0 3 5 10 13 24 21 6 26 24 12 24
split_gain=0.00893267 0.00826752 0.00742143 0.00716881 0.0137796 0.00627448 0.00727398 0.00684464 0.00459901 0.00451719 0.00598523 0.00490867 0.00528008 0.00433833
threshold=0.010073532278303878 -1.4498012364169737 -0.015341146284245431 0.016616061665791177 0.0060920855115271432 18.635000000000002 1.37365738277643 -0.34517106481616822 0.0072183054828377693 -0.92860626819071135 0.016359096989503056 -1.0000000180025095e-35 0.085980747597105736 0.031748698314580277
decision_type=10 10 10 10 10 2 10 10 10 10 10 10 10 8
left_child=2 -2 -1 5 -5 -4 13 -8 -3 10 -9 -11 -13 -7
right_child=1 8 3 4 -6 6 7 9 -10 11 -12 12 -14 -15
leaf_value=0.00016292400100436237 0.00038178376223575988 0.00020446068737025292 1.641924036476658e-05 -2.2394729518365658e-05 -0.00049012196720939064 -7.4248592922499006e-05 0.00022068231754098592 -9.1448170774407225e-05 4.6965251890322826e-06 -0.00020289770761567721 0.00025058639034576679 -0.00014653676422929463 0.00014170625039598136 -0.0002874776856095539
leaf_weight=187 83 143 1806 163 86 162 91 97 371 232 86 117 110 184
leaf_count=187 83 143 1806 163 86 162 91 97 371 232 86 117 110 184
internal_value=-9.53284e-07 0.000105785 -2.01671e-05 -3.11403e-05 -0.000185253 -1.77795e-05 -7.49825e-05 -2.13832e-05 6.0562e-05 -5.59845e-05 6.97777e-05 -0.000106168 -6.85063e-06 -0.000188144
internal_weight=3918 597 3321 3134 249 2885 1079 733 514 642 183 459 227 346
internal_count=3918 597 3321 3134 249 2885 1079 733 514 642 183 459 227 346
is_linear=0
shrinkage=0.03


Tree=23
num_leaves=15
num_cat=0
split_feature=6 3 3 5 23 14 9 27 14 10 21 28 3 14
split_gain=0.00846037 0.0122226 0.00780219 0.0134668 0.00651219 0.00635727 0.00616623 0.00564774 0.00561364 0.00380866 0.00625299 0.00516184 0.00552236 0.00479191
threshold=-1.8378937860603848 0.010199038816462265 0.016616061665791177 0.0060920855115271432 -0.20674570949119661 3.3650000000000007 0.0067775658867482045 0.0099247039828330736 2.4650000000000003 16.550000000000001 0.033432962300020942 0.013735759292971493 0.0063597587525017693 2.9850000000000008
decision_type=10 10 10 10 8 2 10 10 2 2 10 10 10 2
left_child=1 5 4 7 -2 -1 9 -4 -8 10 -6 12 -11 -13
right_child=2 -3 3 -5 6 -7 8 -9 -10 11 -12 13 -14 -15
leaf_value=0.00014456576682542535 0.00019692709812140611 0.00035065214631372482 0.00013710975660125347 -0.00044091143508386959 6.577286283313928e-05 -0.0001914157442212293 -3.3114747541142551e-06 -0.00017555068568001912 -0.00034083273875442868 2.1811484916238547e-05 -8.2496153395326583e-05 -5.1973574253806032e-05 -0.00016724036803390679 9.2389760188887627e-05
leaf_weight=109 142 144 103 101 1179 93 84 103 93 214 326 452 395 380
leaf_count=109 142 144 103 101 1179 93 84 103 93 214 326 452 395 380
internal_value=-9.24163e-07 0.000140501 -1.46587e-05 -0.000158996 -1.04246e-06 -1.02997e-05 -1.01041e-05 -1.93133e-05 -0.000181572 2.56019e-07 3.36227e-05 -3.45917e-05 -0.000100882 1.39934e-05
internal_weight=3918 346 3572 307 3265 202 3123 206 177 2946 1505 1441 609 832
internal_count=3918 346 3572 307 3265 202 3123 206 177 2946 1505 1441 609 832
is_linear=0
shrinkage=0.03


Tree=24
num_leaves=15
num_cat=0
split_feature=7 1 4 10 10 12 2 28 26 2 0 27 26 20
split_gain=0.00840907 0.00736335 0.00989205 0.00654189 0.00630613 0.00723482 0.00534308 0.00603453 0.00542669 0.0053373 0.0050312 0.00462911 0.00445836 0.00431874
threshold=0.010073532278303878 0.026221219758154394 0.011314121894198724 32.865000000000002 18.795000000000005 0.13739946309566878 -0.014118663413657638 0.0232031172855371 0.011115339084039945 -0.013294853808197614 -0.015341146284245431 0.10995171548285766 0.0040108505364849787 0.053150038258060757
decision_type=10 8 8 2 2 10 10 10 10 10 8 10 10 10
left_child=1 4 -3 9 10 6 8 12 -6 -2 -1 -12 -8 -11
right_child=3 2 -4 -5 5 -7 7 -9 -10 13 11 -13 -14 -15
leaf_value=0.00022578469500461195 0.00023534719567214779 4.8654526592766088e-05 -0.00038937574336766069 0.0003369456482283607 -0.00015906390876750719 4.5793214696239594e-05 6.1914931446902785e-07 -0.00041046060600809838 6.9227814484708051e-05 8.234160317405907e-05 2.2471950032250601e-05 -0.00020666543999721903 -0.00022717231444423396 -0.00012482415689554365
leaf_weight=104 119 81 107 90 171 363 135 88 205 246 1805 82 180 142
leaf_count=104 119 81 107 90 171 363 135 88 205 246 1805 82 180 142
internal_value=-8.99841e-07 -1.95421e-05 -0.000201391 0.000102663 -8.56918e-06 -6.47369e-05 -0.000116235 -0.000191993 -3.47429e-05 6.04925e-05 2.36639e-05 1.24105e-05 -0.000129854 6.39723e-06
internal_weight=3918 3321 188 597 3133 1142 779 403 376 507 1991 1887 315 388
internal_count=3918 3321 188 597 3133 1142 779 403 376 507 1991 1887 315 388
is_linear=0
shrinkage=0.03


Tree=25
num_leaves=15
num_cat=0
split_feature=1 13 4 0 26 2 17 28 8 10 24 4 1 9
split_gain=0.011013 0.0151736 0.00830588 0.00614432 0.00645908 0.00910359 0.00449366 0.00388264 0.00384035 0.00496223 0.00464321 0.00399629 0.00344939 0.00334648
threshold=0.028509178661442206 1.37365738277643 0.01931909953582351 -0.020455528005096198 0.016714527221190493 -0.047780915964835018 0.040934798987767848 0.022578656871309759 -0.001238715523989242 19.055000000000003 0.04743438806675386 0.013742375841412094 -0.015036812999756675 0.0047181123572071033
decision_type=8 8 8 10 10 10 10 10 10 2 8 10 10 10
left_child=2 -2 3 -1 7 -6 -4 8 9 12 -11 -10 -5 -7
right_child=1 -3 6 4 5 13 -8 -9 11 10 -12 -13 -14 -15
leaf_value=0.0002599275988619151 -0.00042533899244295842 4.9456717257271516e-05 3.4722844133665241e-05 0.00021266720743635354 0.00022450676042513646 -4.5443980587644882e-05 0.00031978588759218931 -0.00012525115338191849 5.499161505674182e-05 -4.1786350803981202e-06 -0.00023236522512507161 0.0002551642538572796 1.158223105307952e-05 -0.00016146366826071432
leaf_weight=83 122 119 85 88 90 589 120 141 1224 183 142 96 560 361
leaf_count=83 122 119 85 88 90 589 120 141 1224 183 142 96 560 361
internal_value=4.51012e-06 -0.000191661 1.71247e-05 6.39689e-06 2.66542e-07 -6.22783e-05 0.000202331 2.70053e-05 3.64183e-05 -8.80091e-06 -0.000104286 6.97318e-05 3.91757e-05 -8.96549e-05
internal_weight=4003 241 3762 3557 3474 1040 205 2434 2293 973 325 1320 648 950
internal_count=4003 241 3762 3557 3474 1040 205 2434 2293 973 325 1320 648 950
is_linear=0
shrinkage=0.03


Tree=26
num_leaves=15
num_cat=0
split_feature=1 13 4 0 26 2 19 17 28 8 10 24 4 17
split_gain=0.0103675 0.0142841 0.00781894 0.00578538 0.00607757 0.0085701 0.00501533 0.00423013 0.00365459 0.00361409 0.00467112 0.0043707 0.00376312 0.00328121
threshold=0.028509178661442206 1.37365738277643 0.01931909953582351 -0.020455528005096198 0.016714527221190493 -0.047780915964835018 0.0070423699408695148 0.040934798987767848 0.022578656871309759 -0.001238715523989242 19.055000000000003 0.04743438806675386 0.013742375841412094 0.062302317667944855
decision_type=8 8 8 10 10 10 10 10 10 10 2 8 10 10
left_child=2 -2 3 -1 8 -6 -7 -4 9 10 13 -12 -11 -5
right_child=1 -3 7 4 5 6 -8 -9 -10 12 11 -13 -14 -15
leaf_value=0.00025222259577796128 -0.00041268256502052081 4.7985381228500044e-05 3.3693270763547465e-05 1.2514798957091491e-05 0.00021784556532760947 -4.7092143227133464e-05 -0.0002062452073864313 0.00031027159453725654 -0.00012152008097165865 5.3343212903583124e-05 -4.0539577821618875e-06 -0.00022544301571122979 0.00024758824143758566 0.0002166428345824695
leaf_weight=83 122 119 85 568 90 713 237 120 141 1224 183 142 96 80
leaf_count=83 122 119 85 568 90 713 237 120 141 1224 183 142 96 80
internal_value=4.37803e-06 -0.000185957 1.66174e-05 6.20878e-06 2.60187e-07 -6.04094e-05 -8.69718e-05 0.000196313 2.61973e-05 3.53296e-05 -8.53726e-06 -0.000101179 6.76469e-05 3.80108e-05
internal_weight=4003 241 3762 3557 3474 1040 950 205 2434 2293 973 325 1320 648
internal_count=4003 241 3762 3557 3474 1040 950 205 2434 2293 973 325 1320 648
is_linear=0
shrinkage=0.03


Tree=27
num_leaves=15
num_cat=0
split_feature=1 13 4 12 0 9 25 24 3 5 3 21 13 14
split_gain=0.00975988 0.0134467 0.00736057 0.00850775 0.00544742 0.00530076 0.00525286 0.00851472 0.00843106 0.00534829 0.00532058 0.00365045 0.00661436 0.00571167
threshold=0.028509178661442206 1.37365738277643 0.01931909953582351 0.071285733900316131 -0.020455528005096198 0.0047181123572071033 0.042887548548867942 -0.082304547835049854 0.011310658275859536 -0.00072570512571874465 0.011902567938541367 0.02590208886623387 0.73404967907714103 3.2950000000000004
decision_type=8 8 8 10 10 10 10 8 10 10 10 10 10 2
left_child=2 -2 4 -4 -1 11 10 -8 -9 -10 -7 12 13 -6
right_child=1 -3 3 -5 5 6 7 8 9 -11 -12 -13 -14 -15
leaf_value=0.00024474599972433808 -0.00040040274142506301 4.6557818350265734e-05 3.1831290976814699e-05 0.00042518684733623962 9.6174042538328713e-05 -6.24391831094737e-05 0.00027246316935277862 0.00012303910179550505 -4.8926000568602306e-05 -0.00035248446820599093 -0.00026866411856455363 -2.6029130281958935e-05 2.1952027281091729e-05 0.00038346119870578244
leaf_weight=83 122 119 123 82 223 521 97 164 145 81 143 790 1224 86
leaf_count=83 122 119 123 82 223 521 97 164 145 81 143 790 1224 86
internal_value=4.2495e-06 -0.000180424 1.61248e-05 0.000190474 6.02586e-06 2.53621e-07 -5.23654e-05 2.24507e-05 -4.02697e-05 -0.000158797 -0.000107189 2.63366e-05 5.33216e-05 0.00017711
internal_weight=4003 241 3762 205 3557 3474 1151 487 390 226 664 2323 1533 309
internal_count=4003 241 3762 205 3557 3474 1151 487 390 226 664 2323 1533 309
is_linear=0
shrinkage=0.03


Tree=28
num_leaves=15
num_cat=0
split_feature=1 4 6 0 26 2 23 19 6 3 16 9 17 28
split_gain=0.00918794 0.0128123 0.00722042 0.00537479 0.00497422 0.00942885 0.0046358 0.00417888 0.00406223 0.0039983 0.00322689 0.00448933 0.00525172 0.0038556
threshold=0.028509178661442206 0.011314121894198724 2.5322337343466157 -0.020455528005096198 0.016714527221190493 -0.047780915964835018 0.037110137461051587 0.0076555467919130491 -0.9473846382761405 0.0060853813208551714 -0.060804007236196327 0.0042944845673000874 0.061962423845865595 0.010832018580095972
decision_type=8 10 8 10 10 10 10 10 10 8 10 10 10 10
left_child=2 -2 3 -1 6 -6 10 -7 -9 -8 11 13 -13 -5
right_child=1 -3 -4 4 5 7 9 8 -10 -11 -12 12 -14 -15
leaf_value=0.0002304042137601707 1.9141717736655504e-05 -0.00042024868596497505 0.00023360110198899001 -7.5426977736595062e-05 0.00022949535552768761 -4.4126918640105273e-05 6.4351772791134722e-05 -1.3992575596359263e-05 -0.00027464113463002317 -0.00011826735762210941 6.8766163727592423e-05 -0.00023509654899065842 3.5749126418079136e-05 0.00016607610448114715
leaf_weight=94 135 106 131 97 97 756 161 81 160 323 1454 135 122 151
leaf_count=94 135 106 131 97 97 756 161 81 160 323 1454 135 122 151
internal_value=4.12566e-06 -0.000175055 1.56477e-05 7.72223e-06 1.74074e-06 -5.13956e-05 2.5547e-05 -7.89265e-05 -0.000187457 -5.75127e-05 4.6087e-05 -1.92179e-05 -0.000106884 7.16937e-05
internal_weight=4003 241 3762 3631 3537 1094 2443 997 241 484 1959 505 257 248
internal_count=4003 241 3762 3631 3537 1094 2443 997 241 484 1959 505 257 248
is_linear=0
shrinkage=0.03


Tree=29
num_leaves=15
num_cat=0
split_feature=1 4 6 0 26 2 23 7 10 25 19 6 3 1
split_gain=0.00864978 0.012062 0.00679697 0.00506054 0.00468046 0.00887637 0.00436206 0.00402857 0.00700441 0.0058913 0.00393384 0.00382354 0.00376297 0.00301372
threshold=0.028509178661442206 0.011314121894198724 2.5322337343466157 -0.020455528005096198 0.016714527221190493 -0.047780915964835018 0.037110137461051587 0.008654341447161153 26.045000000000005 0.040340654692910337 0.0076555467919130491 -0.9473846382761405 0.0061178203286038216 -0.009745485139808439
decision_type=8 10 8 10 10 10 10 10 2 10 10 10 10 10
left_child=2 -2 3 -1 6 -6 7 8 13 -9 -7 -12 -8 -5
right_child=1 -3 -4 4 5 10 12 9 -10 -11 11 -13 -14 -15
leaf_value=0.00022356484787183274 1.8571688406689857e-05 -0.0004077590593828335 0.00022664615828199946 0.00013125773121513439 0.00022268074586166649 -4.2804859242764429e-05 6.2433136915421563e-05 3.5662519055695755e-05 -0.00017062975029866242 0.00027065630657125442 -1.3577919716026816e-05 -0.00026645307606198206 -0.00011473028719963083 2.1715915536353515e-05
leaf_weight=94 135 106 131 282 97 756 161 241 151 159 81 160 323 1126
leaf_count=94 135 106 131 282 97 756 161 241 151 159 81 160 323 1126
internal_value=4.00088e-06 -0.000169853 1.51804e-05 7.49083e-06 1.68684e-06 -4.98565e-05 2.47794e-05 4.47038e-05 2.28744e-05 0.000129515 -7.65688e-05 -0.000181869 -5.57906e-05 4.3733e-05
internal_weight=4003 241 3762 3631 3537 1094 2443 1959 1559 400 997 241 484 1408
internal_count=4003 241 3762 3631 3537 1094 2443 1959 1559 400 997 241 484 1408
is_linear=0
shrinkage=0.03


Tree=30
num_leaves=15
num_cat=0
split_feature=7 0 26 0 23 10 12 24 1 20 17 17 28 3
split_gain=0.00907278 0.0070319 0.00699533 0.00618627 0.00497468 0.00610699 0.00734374 0.00925817 0.00876988 0.00757991 0.00865166 0.00685201 0.00587988 0.00545193
threshold=0.017217686537645886 -0.020455528005096198 -0.024089868760716057 0.01950053654452422 -0.22747258268576717 18.950000000000006 0.11469775830748886 0.043989611864432905 -0.022243597432896497 -0.0048773919540479596 0.072303267295470472 0.062302317667944855 0.021324642029313324 0.010742489484431792
decision_type=10 10 10 10 8 2 10 8 10 10 10 10 10 10
left_child=1 -1 -2 4 -3 13 7 11 -9 -10 -11 -7 -13 -6
right_child=2 3 -4 -5 5 6 -8 8 9 10 -12 12 -14 -15
leaf_value=0.0002257598031336843 0.00036395497029074108 0.00017018560566128826 5.7949111183877396e-06 -0.00022261509479986586 3.6316740808922211e-05 -0.00012977562785196031 2.5445926880672421e-05 3.0683978043799829e-05 -7.0570351124470438e-05 -0.00024941547670741487 -0.00064800057318020006 0.00030207222400753785 -5.6646092343726191e-05 -7.4856729503968886e-05
leaf_weight=106 103 127 93 131 1657 247 429 85 82 123 83 80 83 521
leaf_count=106 103 127 93 131 1657 247 429 85 82 123 83 80 83 521
internal_value=-3.54904e-06 -1.39596e-05 0.000194904 -2.09851e-05 -1.34137e-05 -2.03401e-05 -7.42878e-05 -0.000128894 -0.00023684 -0.000315629 -0.000412365 -3.03523e-05 0.00012018 9.70075e-06
internal_weight=3950 3754 196 3648 3517 3390 1212 783 373 288 206 410 163 2178
internal_count=3950 3754 196 3648 3517 3390 1212 783 373 288 206 410 163 2178
is_linear=0
shrinkage=0.03


Tree=31
num_leaves=15
num_cat=0
split_feature=26 21 1 0 4 10 25 25 24 27 6 27 4 10
split_gain=0.0073618 0.0105769 0.00758468 0.00612546 0.00434663 0.00577684 0.00536336 0.00662589 0.00738251 0.00626626 0.00585816 0.00474919 0.00473604 0.00451341
threshold=-0.037767554220412218 0.065123352176312224 0.028509178661442206 -0.020455528005096198 0.0080571107434919357 14.235000000000001 0.044909265249647022 0.049161388357766685 0.084847990223281614 0.012019516859234971 0.13454699831466344 0.030727819933176363 0.007470048928112147 20.205000000000002
decision_type=8 8 10 10 10 2 10 10 8 10 10 10 8 2
left_child=1 -1 3 -2 5 -5 10 -8 9 -9 -6 -10 13 -7
right_child=2 -3 -4 4 6 12 7 8 11 -11 -12 -13 -14 -15
leaf_value=3.2245164055354575e-05 0.00021491812706231922 0.00038358032122050642 -0.00022307753488008355 9.4429070931749393e-05 -3.4133405944797789e-05 -1.0990277928985688e-05 0.00024598233273528106 -8.280899664684914e-05 -1.0422209159621749e-05 0.00026598361074995931 -0.00017096431603987085 -0.00033150122340175141 0.00013296336565891297 -0.00017214715167526419
leaf_weight=338 106 99 154 590 829 597 106 85 84 100 426 81 144 211
leaf_count=338 106 99 154 590 829 597 106 85 84 100 426 81 144 211
internal_value=-3.44479e-06 0.000112532 -1.78997e-05 -8.42931e-06 -1.5771e-05 2.07517e-05 -4.86791e-05 3.93739e-05 -2.37214e-05 0.000106144 -8.06787e-05 -0.00016909 -2.49609e-05 -5.32353e-05
internal_weight=3950 437 3513 3359 3253 1542 1711 456 350 185 1255 165 952 808
internal_count=3950 437 3513 3359 3253 1542 1711 456 350 185 1255 165 952 808
is_linear=0
shrinkage=0.03


Tree=32
num_leaves=15
num_cat=0
split_feature=7 26 5 4 5 3 27 25 4 18 18 14 10 4
split_gain=0.00834016 0.00644402 0.00584351 0.00595712 0.00584264 0.0074051 0.0043031 0.00519028 0.00510235 0.00422833 0.00552358 0.00595926 0.00397222 0.00453447
threshold=0.017217686537645886 -0.024089868760716057 -0.038417897795813033 0.0091192945773266986 0.00028724624098364207 0.016807406720784162 0.037318458069921741 0.044909265249647022 0.013672661675320113 4.7750000000000012 2.8250000000000006 3.2550000000000003 13.955000000000002 0.0088440330042141579
decision_type=10 10 8 10 10 10 10 10 10 2 2 2 2 8
left_child=2 -2 -1 12 9 6 7 8 -6 10 11 -5 -4 -14
right_child=1 -3 3 4 5 -7 -8 -9 -10 -11 -12 -13 13 -15
leaf_value=0.00023259838975911191 0.0003491855872758046 5.4302398758467306e-06 7.6508989322287985e-05 -5.7274182891208662e-05 -0.00016534255451630846 -0.00033847721441270553 -0.00023997898722882382 0.00011082418102722097 9.1304124056947446e-05 0.00011101056646644981 -0.00022029875395979503 0.00016250718455909199 -2.9822571047412685e-05 0.00018039969647652468
leaf_weight=84 103 93 660 473 280 119 123 142 92 202 130 144 1206 99
leaf_count=84 103 93 660 473 280 119 123 142 92 202 130 144 1206 99
internal_value=-3.33891e-06 0.000186933 -1.33203e-05 -1.90108e-05 -6.00265e-05 -0.000122189 -8.13158e-05 -4.29556e-05 -0.000101796 -1.04299e-05 -4.33737e-05 -5.80003e-06 1.65903e-05 -1.37488e-05
internal_weight=3950 196 3754 3670 1705 756 637 514 372 949 747 617 1965 1305
internal_count=3950 196 3754 3670 1705 756 637 514 372 949 747 617 1965 1305
is_linear=0
shrinkage=0.03


Tree=33
num_leaves=15
num_cat=0
split_feature=7 0 26 0 23 10 13 6 24 3 2 22 17 13
split_gain=0.00785167 0.00617458 0.00606678 0.00563142 0.0046778 0.00552037 0.00947102 0.00849476 0.00566059 0.0047736 0.00620678 0.0066075 0.00427162 0.00391233
threshold=0.017217686537645886 -0.020455528005096198 -0.024089868760716057 0.01950053654452422 -0.22747258268576717 18.950000000000006 1.4926255075500383 -1.3023829651854888 0.021165403822558663 0.010742489484431792 0.030578477004612917 0.17500000000000002 0.075039459568146991 1.7134435482340657
decision_type=10 10 10 10 8 2 10 10 8 10 10 2 10 10
left_child=1 -1 -2 4 -3 9 8 -8 -7 -6 11 -11 -10 -9
right_child=2 3 -4 -5 5 6 7 13 12 10 -12 -13 -14 -15
leaf_value=0.00021170989925772926 0.00033881074447120993 0.000165754821454982 5.2690627188062633e-06 -0.00021187995563113046 3.4468790108101513e-05 -5.8434580716324444e-05 0.00020605459497769323 9.9238333598611355e-05 -0.00017458174266002334 0.00013736388538535004 -0.00030088545058067117 -0.00010795372481339286 -0.0004266550205284147 -9.1458777110144251e-05
leaf_weight=106 103 127 93 131 1657 214 141 121 171 150 86 285 95 470
leaf_count=106 103 127 93 131 1657 214 141 121 171 150 86 285 95 470
internal_value=-3.2367e-06 -1.29214e-05 0.000181379 -1.95047e-05 -1.2281e-05 -1.89977e-05 -7.02891e-05 -2.33323e-06 -0.000173701 9.56375e-06 -6.95591e-05 -2.32404e-05 -0.000265869 -5.23142e-05
internal_weight=3950 3754 196 3648 3517 3390 1212 732 480 2178 521 435 266 591
internal_count=3950 3754 196 3648 3517 3390 1212 732 480 2178 521 435 266 591
is_linear=0
shrinkage=0.03


Tree=34
num_leaves=15
num_cat=0
split_feature=7 0 26 1 4 5 21 10 4 10 27 3 5 14
split_gain=0.00739207 0.00581304 0.00571162 0.00531879 0.00406803 0.0061494 0.00491943 0.00453037 0.00619723 0.00403065 0.00388127 0.00430045 0.00376759 0.00346711
threshold=0.017217686537645886 -0.020455528005096198 -0.024089868760716057 0.034084841757992652 0.0080571107434919357 -0.011226303515628479 0.0051041778553254221 13.955000000000002 0.007529925228073951 20.205000000000002 0.044983424693080261 0.0086765826848685078 0.00028724624098364207 3.5150000000000001
decision_type=10 10 10 8 10 10 10 2 8 2 10 10 10 2
left_child=1 -1 -2 4 7 6 -6 -3 9 -9 13 -12 -13 -7
right_child=2 3 -4 -5 5 10 -8 8 -10 -11 11 12 -14 -15
leaf_value=0.0002054179630747661 0.00032874415930914087 9.2261898848879499e-05 5.1126715132998832e-06 -0.00021450316656716666 -0.00011337798383978005 -9.2306832060840862e-05 8.5046823197189002e-05 -4.2566716210016853e-06 0.00016800939413083048 -0.00014496026559962879 -2.7809679138615246e-05 -0.00012724962704814969 -0.00039364100748820132 2.5632757086250965e-05
leaf_weight=106 103 552 93 120 148 622 458 694 146 248 117 99 94 350
leaf_count=106 103 552 93 120 148 622 458 694 146 248 117 99 94 350
internal_value=-3.14091e-06 -1.25379e-05 0.00017599 -1.89256e-05 -1.22144e-05 -4.22283e-05 3.64797e-05 2.23429e-05 -1.31828e-05 -4.14141e-05 -7.94329e-05 -0.000171712 -0.000258355 -4.98562e-05
internal_weight=3950 3754 196 3648 3528 1888 606 1640 1088 942 1282 310 193 972
internal_count=3950 3754 196 3648 3528 1888 606 1640 1088 942 1282 310 193 972
is_linear=0
shrinkage=0.03


Tree=35
num_leaves=15
num_cat=0
split_feature=26 8 1 9 22 20 22 17 0 20 14 7 8 0
split_gain=0.00524872 0.0087421 0.0084515 0.00495008 0.0048899 0.00458779 0.00449651 0.00508127 0.00434007 0.00405538 0.00335401 0.00368293 0.00356993 0.00314413
threshold=-0.044585214824457313 0.0064990381285494623 0.028509178661442206 0.0047916421637157177 1.3450000000000004 -0.044234323993804052 -0.105 0.067136933709707455 0.0056808493975082372 -0.28685357184796595 1.9950000000000003 0.0055594861759806777 0.012157712134968081 -0.012404734307762675
decision_type=8 8 8 10 2 10 2 10 10 10 2 10 10 10
left_child=1 -1 3 6 -3 9 7 -2 -4 -5 -7 -12 -13 -8
right_child=2 4 8 5 -6 10 13 -9 -10 -11 11 12 -14 -15
leaf_value=-7.3046396822011196e-05 0.00027600558104080847 7.2929607454584158e-05 -7.3068384918411597e-05 -0.00010809410097129021 0.00037679812793944156 -0.00026063513107548808 0.0001538579936980776 -2.6491238937264174e-05 -0.00036514210871810694 0.00011676871892424086 -0.00011611908912915378 0.00016675314774091725 -7.7335015088465298e-05 -3.4141992854178047e-08
leaf_weight=135 124 87 98 108 106 94 126 83 86 213 487 97 119 2019
leaf_count=135 124 87 98 108 106 94 126 83 86 213 487 97 119 2019
internal_value=-2.91549e-06 0.000111857 -1.32458e-05 -2.71166e-06 0.000240903 -5.46547e-05 2.19917e-05 0.00015517 -0.000210817 4.10132e-05 -9.3189e-05 -7.0461e-05 3.2542e-05 9.07316e-06
internal_weight=3982 328 3654 3470 193 1118 2352 207 184 321 797 703 216 2145
internal_count=3982 328 3654 3470 193 1118 2352 207 184 321 797 703 216 2145
is_linear=0
shrinkage=0.03


Tree=36
num_leaves=15
num_cat=0
split_feature=26 2 20 25 1 21 10 8 24 20 23 3 6 3
split_gain=0.00503213 0.00696275 0.00691934 0.00762718 0.00833073 0.00539011 0.00534382 0.0041892 0.00492792 0.00499022 0.00398362 0.00512132 0.00390531 0.00394357
threshold=0.016714527221190493 -0.048998355247324092 0.55307974715174646 0.069269673357466185 0.035744849870935187 0.078907006944781269 17.755000000000006 0.011749728381730497 0.049524172887718619 -1.0000000180025095e-35 -0.20674570949119661 0.010500106112086438 -0.72864925161112815 0.0060595832377483847
decision_type=8 8 8 10 8 10 2 10 8 10 10 10 10 10
left_child=2 -2 3 4 6 12 10 8 -8 -10 -1 -12 -3 -14
right_child=1 5 -4 -5 -6 -7 7 -9 9 -11 11 -13 13 -15
leaf_value=0.00014185247158428525 0.00018532238969346508 2.0828556730788584e-05 0.00028413490704626255 0.0002445998981820594 -0.00029393150125023174 -0.00026427274755584879 -1.8570211254362738e-05 5.230657372801663e-05 -1.1437203579322051e-05 -0.00027450727035302204 5.038343665661057e-05 -0.00010712567040633575 2.8863131014218966e-05 -0.00014831480947057486
leaf_weight=305 99 390 85 119 83 121 419 285 101 181 984 228 153 429
leaf_count=305 99 390 85 119 83 121 419 285 101 181 984 228 153 429
internal_value=-2.82755e-06 -5.43969e-05 1.92165e-05 1.079e-05 -5.96095e-08 -7.62594e-05 9.79874e-06 -4.45458e-05 -8.39408e-05 -0.00018066 4.5127e-05 2.06891e-05 -5.26069e-05 -0.000101767
internal_weight=3982 1192 2790 2705 2586 1093 2503 986 701 282 1517 1212 972 582
internal_count=3982 1192 2790 2705 2586 1093 2503 986 701 282 1517 1212 972 582
is_linear=0
shrinkage=0.03


Tree=37
num_leaves=15
num_cat=0
split_feature=27 0 2 3 6 14 24 25 6 28 14 23 8 19
split_gain=0.00612378 0.00816145 0.00520667 0.0103007 0.00735255 0.00644061 0.00542586 0.00505778 0.00473023 0.00650276 0.00480834 0.00447269 0.00409274 0.00524094
threshold=0.022640475639433336 -0.013666042249084407 -0.025173160755255882 0.0088243154228220735 0.38886812787462055 3.3850000000000002 0.056089466651043578 0.04050339813466964 -1.7863763255246872 0.02298887880857094 3.2050000000000005 -0.20674570949119661 0.0060483472749393039 0.0022003167747665091
decision_type=10 10 10 10 8 2 10 10 10 10 2 8 10 10
left_child=1 -1 5 -4 6 7 -5 -2 -3 11 -11 -10 -13 -14
right_child=2 8 3 4 -6 -7 -8 -9 9 10 -12 12 13 -15
leaf_value=0.00024669707139213974 2.8430000709608733e-05 0.00018296985239233079 -9.6220069427342771e-06 -4.6195985765098158e-05 -0.00046221585418961919 -0.00011464993194456309 -0.00030123232490063669 0.00028554644415359663 0.00023165866931127051 -0.00034005210714673097 -3.0490146197253655e-05 -3.1666535657215318e-05 9.7898846704689763e-05 -6.7397173845220167e-05
leaf_weight=141 227 137 565 199 81 185 120 98 83 81 101 1065 667 232
leaf_count=141 227 137 565 199 81 185 120 98 83 81 101 1065 667 232
internal_value=-2.74355e-06 2.57904e-05 -5.12262e-05 -9.21698e-05 -0.000208454 2.62745e-05 -0.000142776 0.000106599 1.25269e-05 1.97373e-06 -0.000169368 1.72831e-05 8.11011e-06 5.52143e-05
internal_weight=3982 2507 1475 965 400 510 319 325 2366 2229 182 2047 1964 899
internal_count=3982 2507 1475 965 400 510 319 325 2366 2229 182 2047 1964 899
is_linear=0
shrinkage=0.03


Tree=38
num_leaves=15
num_cat=0
split_feature=26 1 4 4 9 20 22 17 0 20 2 9 3 26
split_gain=0.00474719 0.00763649 0.00697516 0.0129659 0.00458022 0.00444149 0.00407608 0.00468205 0.00400195 0.00377386 0.0037634 0.00496419 0.00432897 0.00375556
threshold=-0.044585214824457313 0.028509178661442206 0.012876836357430577 0.0092518400937692362 0.0047916421637157177 -0.044234323993804052 -0.105 0.067136933709707455 0.0056808493975082372 -0.28685357184796595 -0.025173160755255882 0.005389938328128111 0.0074722358090822021 0.0068615834050671518
decision_type=8 8 10 8 10 10 2 10 10 10 10 10 10 10
left_child=2 4 3 -1 6 9 7 -2 -3 -6 11 -7 -12 -14
right_child=1 8 -4 -5 5 10 -8 -9 -10 -11 12 -13 13 -15
leaf_value=-9.1780015922960879e-06 0.00026407940444536507 -6.8044478541582284e-05 -0.00010319625131960492 0.00044295647613554526 -0.00010216155737732461 -0.0001619745229222842 8.9877417634812624e-06 -2.6282583312422504e-05 -0.0003484773121899393 0.00011476172800156631 -3.4008054248939295e-05 0.00011976443670674001 -0.00010483021092134782 -0.0003089864427226768
leaf_weight=125 124 98 99 104 108 91 2145 83 86 213 235 144 171 156
leaf_count=125 124 98 99 104 108 91 2145 83 86 213 235 144 171 156
internal_value=-2.66373e-06 -1.24881e-05 0.000106487 0.000197191 -2.47482e-06 -5.24397e-05 2.12877e-05 0.000148087 -0.000200292 4.16876e-05 -9.03551e-05 1.04415e-05 -0.000132447 -0.000202871
internal_weight=3982 3654 328 229 3470 1118 2352 207 184 321 797 235 562 327
internal_count=3982 3654 328 229 3470 1118 2352 207 184 321 797 235 562 327
is_linear=0
shrinkage=0.03


Tree=39
num_leaves=15
num_cat=0
split_feature=27 0 0 16 17 21 27 22 23 3 12 14 18 14
split_gain=0.00565615 0.00763567 0.00489146 0.00480116 0.00635066 0.00423292 0.00354553 0.00334019 0.00318192 0.00321782 0.00408004 0.00337721 0.007006 0.00322016
threshold=0.022640475639433336 -0.013666042249084407 0.012919250658345318 -0.10025173939168673 0.096277421098738283 0.11141130031404266 -0.08982074490994256 -0.21499999999999997 -0.16109925720437959 0.0063597587525017693 -0.11708822250540905 3.1550000000000007 2.6200000000000006 1.6450000000000002
decision_type=10 10 10 8 8 10 10 2 8 10 10 2 2 2
left_child=1 -1 -2 6 5 7 -3 -5 -9 -10 -11 13 -13 -12
right_child=2 3 -4 4 -6 -7 -8 8 9 10 11 12 -14 -15
leaf_value=0.0002385091897303937 -3.2834707005502555e-05 -0.00025005133388760056 -0.00023196044441241352 0.0001682953254490251 0.00028748455377531278 -0.000167338502801223 -3.0874816708385758e-05 0.00019699503651021848 5.4284049824592949e-05 -0.00013562006016708296 0.00011883877304996508 0.00027173341823072406 -4.5335904464705265e-05 -8.7472821815914005e-05
leaf_weight=141 1355 94 120 141 81 104 222 83 735 241 85 111 142 327
leaf_count=141 1355 94 120 141 81 104 222 83 735 241 85 111 142 327
internal_value=-2.58621e-06 2.48366e-05 -4.91809e-05 1.20076e-05 2.87966e-05 1.80143e-05 -9.6656e-05 2.84344e-05 1.69048e-05 7.68159e-06 -3.01432e-05 8.22846e-06 9.42957e-05 -4.47239e-05
internal_weight=3982 2507 1475 2366 2050 1969 316 1865 1724 1641 906 665 253 412
internal_count=3982 2507 1475 2366 2050 1969 316 1865 1724 1641 906 665 253 412
is_linear=0
shrinkage=0.03


Tree=40
num_leaves=15
num_cat=0
split_feature=17 21 1 4 21 9 2 24 17 10 17 8 21 10
split_gain=0.00510644 0.0173604 0.00889575 0.00411044 0.00596725 0.00458586 0.00510419 0.00413131 0.00775992 0.00419574 0.00407011 0.0035351 0.00617967 0.00486931
threshold=0.090655505291933308 0.16664430737467659 0.035744849870935187 0.01931909953582351 0.15523741273497418 0.0048522368615149724 -0.047780915964835018 0.041964199099032186 0.061667614976113123 17.055000000000003 0.042351909172153576 0.0057032182274090468 0.0039403446282427921 14.135000000000003
decision_type=10 10 8 8 10 10 10 8 10 2 10 10 10 2
left_child=2 -2 3 4 5 6 -1 8 -7 -9 -5 12 13 -8
right_child=1 -3 -4 10 -6 7 11 9 -10 -11 -12 -13 -14 -15
leaf_value=0.00020845029297128175 -6.8212600261591778e-05 0.00044940447871795187 -0.00026861341619416991 -6.1025537357890301e-06 -0.00025083482132999806 -9.1066126899203926e-05 4.4957541970287032e-05 -2.8247466216743741e-05 0.00012914666142789522 -0.00024500435985357717 0.00028252975981628807 6.0710649354750085e-05 1.3845886188506633e-05 -0.00022730838777533789
leaf_weight=125 148 95 112 85 86 390 85 153 227 169 90 856 1180 191
leaf_count=125 148 95 112 85 86 390 85 153 227 169 90 856 1180 191
internal_value=2.17762e-06 0.00013516 -6.47572e-06 1.66833e-06 -5.52007e-06 8.01488e-07 2.25057e-05 -5.54918e-05 -9.96993e-06 -0.000142417 0.000143099 1.23667e-05 -1.60775e-05 -0.000143599
internal_weight=3992 243 3749 3637 3462 3376 2437 939 617 322 175 2312 1456 276
internal_count=3992 243 3749 3637 3462 3376 2437 939 617 322 175 2312 1456 276
is_linear=0
shrinkage=0.03


Tree=41
num_leaves=15
num_cat=0
split_feature=5 6 28 5 25 23 3 4 3 9 13 18 14 18
split_gain=0.00679783 0.00475982 0.00645705 0.00949411 0.0043595 0.00411701 0.00402376 0.00506305 0.0053537 0.00436496 0.00370709 0.00531326 0.00589555 0.00510648
threshold=-0.041190395906965827 2.9633313753266526 0.023828555528278287 0.0022629538104520057 0.061274823604592792 -0.22747258268576717 0.0062190999874446483 0.01531508307014485 0.016807406720784162 0.0025910292357169008 1.1004134969243065 2.8950000000000005 3.1550000000000007 5.2550000000000008
decision_type=10 8 10 10 10 8 10 10 10 10 10 2 2 2
left_child=-1 2 4 -4 5 -2 -7 8 9 -8 13 12 -12 -11
right_child=1 -3 3 -5 -6 6 7 -9 -10 10 11 -13 -14 -15
leaf_value=0.00024266682726272284 0.00016420191906469145 0.00018937517232237998 6.3848601839285842e-06 -0.00033012440768652598 0.00019791615022713259 3.640309909201382e-05 0.00016352615043175437 0.00012394315896926855 -0.00027637319494467439 -2.8193273345942878e-05 -9.496583433450491e-05 -0.00024872912214543189 0.00011585488300375825 0.00020181523226952145
leaf_weight=102 125 110 171 134 98 1090 92 167 87 764 656 154 145 97
leaf_count=102 125 110 171 134 98 1090 92 167 87 764 656 154 145 97
internal_value=2.11232e-06 -4.25603e-06 -9.93939e-06 -0.000142054 1.69383e-06 -4.05742e-06 -1.05734e-05 -3.42631e-05 -4.75619e-05 -3.69894e-05 -4.72321e-05 -8.78983e-05 -5.67054e-05 -2.07652e-06
internal_weight=3992 3890 3780 305 3475 3377 3252 2162 1995 1908 1816 955 801 861
internal_count=3992 3890 3780 305 3475 3377 3252 2162 1995 1908 1816 955 801 861
is_linear=0
shrinkage=0.03


Tree=42
num_leaves=15
num_cat=0
split_feature=5 8 17 3 6 4 27 20 4 27 18 18 28 18
split_gain=0.00640129 0.00527984 0.00749895 0.0057237 0.00730571 0.00533698 0.00464445 0.00465388 0.00457605 0.00440392 0.0050061 0.00795989 0.0103312 0.00616534
threshold=-0.035267400063646669 -0.0025599264408784346 0.10198553803508813 0.007827281664965326 0.25541480020907209 0.011732379791698102 0.0099247039828330736 -0.087534116190406172 0.015603157777147481 -0.10520832614215757 2.4450000000000007 1.4150000000000003 0.014708527174916133 5.285000000000001
decision_type=8 10 10 8 10 10 8 8 10 10 2 2 10 2
left_child=-1 3 9 -2 6 -6 -5 -8 -9 -3 11 -11 -13 -12
right_child=1 2 -4 4 5 -7 7 8 -10 10 13 12 -14 -15
leaf_value=0.00021601506348942477 1.5064574245760615e-05 -0.00015012268838323958 0.00030017254159374291 8.3494553127820833e-05 -0.00010942353340007166 -0.00041540872884707853 0.00011355147093396496 -0.00018248104709343976 6.6101559989118562e-05 1.2235932524184159e-05 -0.00012627339824967924 8.5180357954922614e-05 0.0004611366694107881 0.00016477253382174417
leaf_weight=121 761 136 85 175 111 96 80 345 82 1215 326 294 84 81
leaf_count=121 761 136 85 175 111 96 80 345 82 1215 326 294 84 81
internal_value=2.05243e-06 -4.68969e-06 2.55048e-05 -4.53242e-05 -9.69768e-05 -0.000252645 -4.9428e-05 -9.53826e-05 -0.000134701 1.44393e-05 2.5699e-05 4.96887e-05 0.000169722 -6.80884e-05
internal_weight=3992 3871 2221 1650 889 207 682 507 427 2136 2000 1593 378 407
internal_count=3992 3871 2221 1650 889 207 682 507 427 2136 2000 1593 378 407
is_linear=0
shrinkage=0.03


Tree=43
num_leaves=15
num_cat=0
split_feature=5 27 25 20 2 28 17 12 10 14 2 25 25 2
split_gain=0.006096 0.00425454 0.00710888 0.00645255 0.00579261 0.0133824 0.006619 0.00746304 0.00555815 0.00557483 0.00683937 0.00447366 0.00670021 0.00446298
threshold=-0.041190395906965827 0.015035656722930392 0.069269673357466185 -0.044234323993804052 0.030578477004612917 0.020488440196787732 0.046143369256219265 0.14052810486746251 18.950000000000006 3.4950000000000006 -0.032453438452586074 0.049161388357766685 0.043514970174563607 0.01269389138099042
decision_type=10 8 10 8 10 10 10 10 2 2 10 10 10 8
left_child=-1 2 4 -3 11 6 -6 -8 13 10 -10 12 -2 -5
right_child=1 3 -4 8 5 -7 7 -9 9 -11 -12 -13 -14 -15
leaf_value=0.00022979337692040908 3.8564326308681314e-05 6.7309083553655655e-05 0.00024590115108337349 2.118609261265854e-06 -0.0001202709443949549 -0.00042630714997890539 0.00025179171850058164 -8.8278523175036887e-05 8.4540670082787977e-05 -0.00034298535446224203 -0.00019983355660530688 -0.00010561576505746676 0.00028081786988747937 -0.00018526350214147789
leaf_weight=102 1252 387 121 720 245 81 131 103 119 110 208 167 111 135
leaf_count=102 1252 387 121 720 245 81 131 103 119 110 208 167 111 135
internal_value=1.99487e-06 -4.03578e-06 2.33006e-05 -4.00263e-05 1.03017e-05 -7.21717e-05 -1.15231e-05 0.000102364 -7.22042e-05 -0.000159113 -9.64035e-05 4.05155e-05 5.84844e-05 -2.76499e-05
internal_weight=3992 3890 2211 1679 2090 560 479 234 1292 437 327 1530 1363 855
internal_count=3992 3890 2211 1679 2090 560 479 234 1292 437 327 1530 1363 855
is_linear=0
shrinkage=0.03


Tree=44
num_leaves=15
num_cat=0
split_feature=5 8 9 6 14 9 25 2 9 27 16 24 28 5
split_gain=0.00582686 0.00499123 0.00653019 0.00609409 0.00923175 0.0074528 0.00571287 0.00627957 0.00497131 0.00459045 0.00420278 0.00415178 0.00482146 0.00473349
threshold=-0.035267400063646669 0.0064990381285494623 0.0078061036494595512 0.76023480566230917 4.0850000000000009 0.0026246492754562986 0.069269673357466185 0.051411311790644294 0.0043785914423502079 -0.0229939153802407 0.040770043769520044 0.084847990223281614 0.015121132495041252 -0.011565175329820491
decision_type=8 10 8 10 2 10 10 10 10 10 10 10 10 10
left_child=-1 2 3 11 5 -5 7 8 -3 -10 -11 12 -2 -14
right_child=1 6 -4 4 -6 -7 -8 -9 9 10 -12 -13 13 -15
leaf_value=0.00020606987075269466 -7.9985800531647194e-06 9.635315625859999e-05 -0.00029272415228496606 0.00019742380297366465 -0.00040061116810581393 -0.00010906419382029643 0.00025322876157518359 -0.00018383313200494501 8.7681556116357177e-05 -0.00019111627920392492 1.4973054478444175e-05 -7.8980795859135314e-05 0.00026872491154270912 5.053167348216028e-05
leaf_weight=121 895 691 82 85 81 421 103 120 209 179 176 393 125 311
leaf_count=121 895 691 82 85 81 421 103 120 209 179 176 393 125 311
internal_value=1.93301e-06 -4.49949e-06 -3.12668e-05 -2.18671e-05 -0.000105267 -5.72912e-05 3.88308e-05 2.25981e-05 4.24672e-05 -2.36063e-05 -8.91874e-05 6.57395e-06 3.18757e-05 0.000113559
internal_weight=3992 3871 2393 2311 587 506 1478 1375 1255 564 355 1724 1331 436
internal_count=3992 3871 2393 2311 587 506 1478 1375 1255 564 355 1724 1331 436
is_linear=0
shrinkage=0.03


Tree=45
num_leaves=15
num_cat=0
split_feature=5 28 25 5 18 24 23 2 9 1 21 13 14 25
split_gain=0.00603326 0.00483978 0.0087017 0.0077485 0.00457881 0.0061596 0.00612809 0.00741399 0.00529525 0.00751957 0.00727721 0.0052858 0.00518693 0.00823551
threshold=-0.041190395906965827 0.023828555528278287 0.061274823604592792 0.0027676233767880529 2.7050000000000005 0.28768207245178096 -0.20674570949119661 0.054024218279974619 0.0048055787326211847 0.0032590059644528328 0.029370589007835585 0.72627197660521847 3.5550000000000002 0.034715005046173419
decision_type=10 8 10 10 2 8 8 10 10 10 10 10 2 10
left_child=-1 2 4 -3 5 6 -2 12 9 -6 -11 -10 -8 -14
right_child=1 3 -4 -5 8 -7 7 -9 11 10 -12 -13 13 -15
leaf_value=0.00024332141157068436 0.00024199556442908941 5.0483684212014519e-06 0.00025988894965848884 -0.00028393677191821575 5.6163603296440336e-05 0.00020063012158061611 -1.2538990901473311e-05 -0.00029050275998753665 -5.9087635150221594e-05 3.9163114299299196e-05 -0.0002932129930722651 -0.00039665850810706612 -5.5927668199055245e-05 0.00036755001209231149
leaf_weight=85 89 195 111 145 357 143 2188 81 87 99 146 80 80 84
leaf_count=85 89 195 111 145 357 143 2188 81 87 99 146 80 80 84
internal_value=-5.21977e-06 -1.07188e-05 -3.35038e-07 -0.000118667 -8.81968e-06 9.79478e-06 -1.10102e-06 -1.00893e-05 -7.32578e-05 -3.16408e-05 -0.000159293 -0.000222197 -3.12895e-07 0.000161889
internal_weight=3970 3885 3545 340 3434 2665 2522 2433 769 602 245 167 2352 164
internal_count=3970 3885 3545 340 3434 2665 2522 2433 769 602 245 167 2352 164
is_linear=0
shrinkage=0.03


Tree=46
num_leaves=15
num_cat=0
split_feature=0 1 13 26 10 2 8 22 10 13 25 9 8 20
split_gain=0.00622542 0.00518125 0.00891096 0.00409151 0.00305092 0.00341962 0.00397523 0.00290437 0.00286235 0.00484096 0.00390015 0.00516171 0.00351791 0.00299097
threshold=-0.011243118639787662 0.026221219758154394 1.37365738277643 0.0057636925539197312 25.175000000000004 -0.04043572382954163 0.0095219466280638283 0.85500000000000009 11.755000000000001 0.73404967907714103 0.042707696828804105 0.0047916421637157177 -0.0097114601200201083 0.019457953672505138
decision_type=10 8 10 8 2 10 10 2 2 8 10 10 10 10
left_child=3 4 -3 -1 8 -6 -7 -5 13 10 11 12 -10 -2
right_child=1 2 -4 7 5 6 -8 -9 9 -11 -12 -13 -14 -15
leaf_value=0.00022014022149386092 -1.8968397600419533e-05 -0.00030020761090891756 3.3523008433153987e-05 -0.0001092103183178882 0.00010035963916971561 -0.00018361428833005072 9.7512873154218224e-06 0.00012446702021614848 -3.4088116329671302e-05 -5.3045797303062032e-06 0.0002765422376178321 -0.00015242083895113215 0.00016902432868474933 -0.00021756933795014568
leaf_weight=170 231 148 139 87 82 254 153 104 109 1969 89 83 256 96
leaf_count=170 231 148 139 87 82 254 153 104 109 1969 89 83 256 96
internal_value=-5.06301e-06 -1.6955e-05 -0.00013902 0.000113543 -6.37075e-06 -7.549e-05 -0.000111078 1.80132e-05 5.58225e-06 1.64838e-05 9.62361e-05 5.98802e-05 0.000108441 -7.77588e-05
internal_weight=3970 3609 287 361 3322 489 407 191 2833 2506 537 448 365 327
internal_count=3970 3609 287 361 3322 489 407 191 2833 2506 537 448 365 327
is_linear=0
shrinkage=0.03


Tree=47
num_leaves=15
num_cat=0
split_feature=5 28 25 5 18 24 17 18 23 14 6 17 5 7
split_gain=0.00564107 0.00454257 0.00818783 0.00723592 0.0043628 0.00810841 0.0080905 0.00896358 0.00614353 0.00529037 0.00370664 0.0043432 0.00323468 0.00321647
threshold=-0.041190395906965827 0.023828555528278287 0.061274823604592792 0.0027676233767880529 2.3400000000000003 0.28768207245178096 0.077070540786346939 5.3050000000000006 -0.20674570949119661 3.5550000000000002 0.85401495472581701 0.040167412819742489 0.029428422566471796 0.0015965368132273563
decision_type=10 8 10 10 2 10 10 2 10 2 10 10 10 10
left_child=-1 2 4 13 5 8 7 10 -2 12 11 -6 -10 -3
right_child=1 3 -4 -5 6 -7 -8 -9 9 -11 -12 -13 -14 -15
leaf_value=0.00023541543812021954 0.00021339626411583779 -0.00010088430956914505 0.0002522540127288916 -0.00027452004988309412 6.666384689080619e-05 0.00030558189062015491 -0.00032473879286953888 0.00023423056388062171 -1.3081499972715754e-05 0.00016626067197337337 -0.0002138891195896907 -9.9749412743102862e-05 -0.00020632526373783885 0.00014386834953363764
leaf_weight=85 117 111 111 145 223 81 95 98 2083 145 131 381 80 84
leaf_count=85 117 111 111 145 223 81 95 98 2083 145 131 381 80 84
internal_value=-4.91178e-06 -1.02291e-05 -1.69274e-07 -0.00011481 -8.39962e-06 1.21812e-05 -6.39301e-05 -3.38323e-05 2.25912e-06 -8.53189e-06 -6.98437e-05 -3.83001e-05 -2.03208e-05 4.74371e-06
internal_weight=3970 3885 3545 340 3434 2506 928 833 2425 2308 735 604 2163 195
internal_count=3970 3885 3545 340 3434 2506 928 833 2425 2308 735 604 2163 195
is_linear=0
shrinkage=0.03


Tree=48
num_leaves=15
num_cat=0
split_feature=0 27 1 23 26 4 5 21 12 22 3 1 27 10
split_gain=0.00576429 0.0053754 0.00493518 0.0092837 0.00570693 0.00309965 0.00391449 0.0052472 0.00369128 0.00361314 0.00355179 0.00506842 0.00308364 0.00329567
threshold=-0.012404734307762675 -0.00050267612764065539 0.026221219758154394 0.18773427156868275 -0.033822632234663301 0.00851405708216889 -0.011226303515628479 0.011115232458273614 -0.028788723097724175 0.17500000000000002 0.011065981152334994 0.0060137318176298757 0.081564437974939966 14.235000000000001
decision_type=10 8 8 8 10 10 10 10 10 2 10 10 10 2
left_child=1 -1 5 4 -4 12 7 -7 10 -10 11 -8 13 -2
right_child=2 -3 3 -5 -6 6 8 -9 9 -11 -12 -13 -14 -15
leaf_value=0.0002895184921142389 8.758584461406606e-05 2.6317879015476471e-05 0.00015809466132035092 -0.00040667745798903828 -0.00015995031591866461 -8.7302635383935582e-05 -0.00014829427332911944 0.00010902434910899515 0.00010150433197505936 -6.129119429471887e-05 -0.0001998951121667607 0.00013860991883284235 -0.00013482652146818249 -1.5760553739418981e-07
leaf_weight=108 617 195 86 80 121 198 146 318 168 447 271 88 104 1023
leaf_count=108 617 195 86 80 121 198 146 318 168 447 271 88 104 1023
internal_value=-4.76152e-06 0.000120776 -1.51646e-05 -0.000134377 -2.76909e-05 -5.0054e-06 -3.46568e-05 3.36664e-05 -6.61362e-05 -1.67276e-05 -0.000126155 -4.0268e-05 2.28137e-05 3.28864e-05
internal_weight=3970 303 3667 287 207 3380 1636 516 1120 615 505 234 1744 1640
internal_count=3970 303 3667 287 207 3380 1636 516 1120 615 505 234 1744 1640
is_linear=0
shrinkage=0.03


Tree=49
num_leaves=15
num_cat=0
split_feature=5 4 6 20 8 7 12 21 23 3 26 10 2 23
split_gain=0.00525798 0.00449695 0.0113687 0.00743472 0.00596337 0.00509237 0.00471563 0.00430437 0.00418779 0.0041031 0.00344452 0.00429424 0.005831 0.00385528
threshold=-0.041190395906965827 0.011422074295797923 1.7408130053765147 0.057289733604327882 -0.014646916920074913 0.017217686537645886 0.0058204990451400382 0.053625160335285901 0.20763936477824449 0.014692739894734663 -0.025304342133903531 14.495000000000003 -0.0015809642995430193 0.057583671802407178
decision_type=10 10 10 10 10 10 10 10 10 10 10 2 8 10
left_child=-1 5 3 4 6 8 -3 9 10 -6 -2 -12 -13 -14
right_child=1 2 -4 -5 7 -7 -8 -9 -10 -11 11 12 13 -15
leaf_value=0.00022740233110177309 7.5422920731216432e-05 -0.00019978390107681159 -0.00039505810031609403 -0.0001848344929477489 8.8858103433369869e-05 0.00019852695296402088 5.720059780719791e-05 0.00021383492687108136 0.00019183627256574937 -9.5177300691691422e-05 3.4089643567492197e-05 9.5151564945461371e-06 -8.878762985674295e-05 -0.00030278919777959926
leaf_weight=85 399 177 83 228 283 124 100 129 100 176 796 643 560 87
leaf_count=85 399 177 83 228 283 124 100 129 100 176 796 643 560 87
internal_value=-4.62085e-06 -9.7545e-06 -5.87157e-05 -3.28368e-05 7.39444e-06 1.15138e-05 -0.000107138 6.14395e-05 2.46966e-06 1.82377e-05 -5.22483e-06 -2.06795e-05 -5.44753e-05 -0.000117987
internal_weight=3970 3885 1176 1093 865 2709 277 588 2585 459 2485 2086 1290 647
internal_count=3970 3885 1176 1093 865 2709 277 588 2585 459 2485 2086 1290 647
is_linear=0
shrinkage=0.03


Tree=50
num_leaves=15
num_cat=0
split_feature=16 18 7 13 3 0 17 4 26 6 4 24 17 24
split_gain=0.00511932 0.00653833 0.00527337 0.00715495 0.00460391 0.00374626 0.0043945 0.00291944 0.00373176 0.00556133 0.00385344 0.00461822 0.00509215 0.00718242
threshold=-0.087931576100232375 0.10500000000000002 0.016630143728622485 1.5028568400322984 0.007827281664965326 -0.013666042249084407 0.044389127376043176 0.01931909953582351 0.044708530264930831 -1.1315567920298462 0.0080571107434919357 0.05112986898978903 0.059936369768719404 -0.055740132744502034
decision_type=8 2 10 10 8 10 10 10 8 8 10 10 10 8
left_child=1 -1 5 -4 -3 6 -2 8 10 -10 -7 12 -12 -14
right_child=2 4 3 -5 -6 7 -8 -9 9 -11 11 -13 13 -15
leaf_value=9.2223699483161037e-05 0.00030514658227131315 -4.5622405660196818e-05 3.8928213858132052e-06 0.00038678768310799366 -0.0002471300152956246 4.3482344987682879e-05 2.1884113333071581e-05 0.00015643430772102856 6.9564758801915209e-05 -0.00021032797646372011 -3.8534220945536139e-05 -0.00012417384270262859 0.00032500266934321667 1.6286153255718539e-06
leaf_weight=148 81 219 96 80 191 1342 124 106 100 174 694 338 94 177
leaf_count=148 81 219 96 80 191 1342 124 106 100 174 694 338 94 177
internal_value=5.89236e-06 -7.8255e-05 1.9697e-05 0.000179138 -0.000139868 1.09565e-05 0.000134745 2.52572e-06 -3.11494e-06 -0.000108296 7.81773e-06 -2.89195e-05 4.53816e-06 0.000114578
internal_weight=3964 558 3406 176 410 3230 205 3025 2919 274 2645 1303 965 271
internal_count=3964 558 3406 176 410 3230 205 3025 2919 274 2645 1303 965 271
is_linear=0
shrinkage=0.03


Tree=51
num_leaves=15
num_cat=0
split_feature=27 0 2 9 14 20 21 25 18 25 3 5 24 25
split_gain=0.00456887 0.00647911 0.00535833 0.00454737 0.0044769 0.00391016 0.00639351 0.00442106 0.00399947 0.00347075 0.003634 0.00313855 0.00449345 0.00333619
threshold=0.021226073336690413 -0.013666042249084407 -0.052393986032628785 0.0067775658867482045 3.3250000000000006 -0.068918626925229085 0.078907006944781269 0.04229439358807701 0.13500000000000004 0.069269673357466185 0.01699778901153608 -0.012854999630417181 -0.074107972153721849 0.049389694173647004
decision_type=10 8 10 10 2 10 10 10 2 10 10 8 10 10
left_child=1 -1 4 5 -2 8 7 -7 -4 10 11 12 -3 -13
right_child=2 9 3 -5 -6 6 -8 -9 -10 -11 -12 13 -14 -15
leaf_value=0.00023500519747324144 0.00025016263211642475 0.00030347635983627878 -1.7390036491633508e-05 -0.00024087060116463201 -4.9092860674675271e-05 -7.1409525258948648e-05 -0.00031698595620387746 0.00011313584869640181 0.00022821028775731313 0.0001773528377902146 -0.00015627270872780197 2.0507566441214678e-05 1.3725871074218618e-05 -0.00011927278510817691
leaf_weight=132 101 81 185 108 80 763 83 137 87 118 110 1694 117 168
leaf_count=132 101 81 185 108 80 763 83 137 87 118 110 1694 117 168
internal_value=5.72119e-06 3.14425e-05 -3.45876e-05 -5.49691e-05 0.000118352 -3.87922e-05 -6.66371e-05 -4.32232e-05 6.17141e-05 1.9601e-05 1.0945e-05 1.99456e-05 0.00013319 7.83855e-06
internal_weight=3964 2420 1544 1363 181 1255 983 900 272 2288 2170 2060 198 1862
internal_count=3964 2420 1544 1363 181 1255 983 900 272 2288 2170 2060 198 1862
is_linear=0
shrinkage=0.03


Tree=52
num_leaves=15
num_cat=0
split_feature=16 18 28 27 2 0 9 7 20 12 16 2 21 21
split_gain=0.00488877 0.00609013 0.00623496 0.00502908 0.00597962 0.005553 0.00385902 0.00379492 0.00425425 0.00359924 0.00447843 0.00335203 0.00485667 0.0033004
threshold=-0.087931576100232375 0.10500000000000002 0.017263672067842229 0.021226073336690413 -0.05624477318270759 -0.013666042249084407 0.0071328699008433713 0.0053506813124761807 -0.10536051565782655 -0.028788723097724175 0.039172753822756874 -1.0000000180025095e-35 0.056029821932290023 0.0032444284225929391
decision_type=8 2 10 8 8 10 10 10 10 8 10 10 10 10
left_child=1 -1 -3 5 -5 -2 -7 8 -6 10 -9 12 13 -10
right_child=3 2 -4 4 7 6 -8 9 11 -11 -12 -13 -14 -15
leaf_value=8.7858217242158221e-05 0.00026015363838991466 -6.438550661141562e-05 -0.00032712864341322395 0.00017870555449098902 5.2018466001093408e-05 2.8760336944357505e-05 0.00024048689256974117 -1.6436756789015796e-05 -0.000194482617251362 -7.3229492434834622e-05 0.00027094647245112167 -0.00020500853590028865 -0.00027444501577616283 8.7047627372917714e-06
leaf_weight=148 106 299 111 119 197 1797 80 97 87 135 97 213 84 394
leaf_count=148 106 299 111 119 197 1797 80 97 87 135 97 213 84 394
internal_value=5.55236e-06 -7.66783e-05 -0.000136141 1.90426e-05 -2.39808e-05 4.99128e-05 3.79076e-05 -4.26003e-05 -7.23116e-05 4.54022e-05 0.000127907 -0.00010382 -6.53779e-05 -2.83736e-05
internal_weight=3964 558 410 3406 1423 1983 1877 1304 975 329 194 778 565 481
internal_count=3964 558 410 3406 1423 1983 1877 1304 975 329 194 778 565 481
is_linear=0
shrinkage=0.03


Tree=53
num_leaves=15
num_cat=0
split_feature=16 18 27 25 28 2 0 7 12 16 3 6 24 2
split_gain=0.0046111 0.00599027 0.00510219 0.00598943 0.00465435 0.00463694 0.00445136 0.00347381 0.00388868 0.00401499 0.00323708 0.00744653 0.00317019 0.00593462
threshold=-0.098440072813252552 0.10500000000000002 0.021226073336690413 0.069269673357466185 0.017263672067842229 -0.05624477318270759 -0.013666042249084407 0.0053506813124761807 -0.028788723097724175 0.039172753822756874 0.007984068751210811 -1.1029239420488552 -0.30655223644320434 0.055035758785825457
decision_type=8 2 8 10 10 8 10 10 8 10 10 8 8 10
left_child=1 -1 3 6 -3 -4 -2 10 9 -9 -7 -12 -8 -14
right_child=2 4 5 -5 -6 7 12 8 -10 -11 11 -13 13 -15
leaf_value=9.3439166081313996e-05 0.00023305335194119393 -8.1485020962306513e-05 0.00014652813378518203 0.00030022084512758605 -0.00033473262069542162 -1.652276092892862e-05 0.00019644941323426887 -7.894742838311685e-06 -8.006876271766876e-05 0.00026290102396902811 4.3052039582444534e-05 -0.00020461550711143691 3.1796714280758237e-05 -0.00019376228265173266
leaf_weight=122 98 235 127 80 90 499 93 99 139 97 161 337 1676 111
leaf_count=122 98 235 127 80 90 499 93 99 139 97 161 337 1676 111
internal_value=5.38558e-06 -8.52637e-05 1.69278e-05 4.73425e-05 -0.000152427 -2.59768e-05 3.69683e-05 -4.2522e-05 4.09679e-05 0.000126776 -7.05882e-05 -0.00012462 2.66284e-05 1.76855e-05
internal_weight=3964 447 3517 2058 325 1459 1978 1332 335 196 997 498 1880 1787
internal_count=3964 447 3517 2058 325 1459 1978 1332 335 196 997 498 1880 1787
is_linear=0
shrinkage=0.03


end of trees

feature_importances:
vol_60d=49
VIX_lvl=47
ret_20d=40
vol_20d=40
zscore_60d=38
dist_sma20=37
VIX_vol_20d=37
ret_1d=36
COPPER_ret_5d=36
T10Y2Y_ret_20d=33
ret_5d=32
T10Y2Y_vol_20d=31
COPPER_ret_20d=29
DFF_vol_20d=27
DFF_lvl=26
COPPER_vol_20d=26
DGS10_vol_20d=23
DXY_ret_5d=22
DXY_vol_20d=22
DGS10_lvl=22
T10Y2Y_ret_5d=22
DXY_ret_20d=17
DFF_ret_20d=17
VIX_ret_20d=16
T10Y2Y_lvl=13
DGS10_ret_20d=10
DFF_ret_5d=4
VIX_ret_5d=2
DGS10_ret_5d=2

parameters:
[boosting: gbdt]
[objective: regression]
[metric: rmse]
[tree_learner: serial]
[device_type: cpu]
[data_sample_strategy: bagging]
[data: ]
[valid: ]
[num_iterations: 600]
[learning_rate: 0.03]
[num_leaves: 15]
[num_threads: 0]
[seed: 0]
[deterministic: 0]
[force_col_wise: 0]
[force_row_wise: 0]
[histogram_pool_size: -1]
[max_depth: -1]
[min_data_in_leaf: 80]
[min_sum_hessian_in_leaf: 0.001]
[bagging_fraction: 0.8]
[pos_bagging_fraction: 1]
[neg_bagging_fraction: 1]
[bagging_freq: 5]
[bagging_seed: 3]
[bagging_by_query: 0]
[feature_fraction: 0.8]
[feature_fraction_bynode: 1]
[feature_fraction_seed: 2]
[extra_trees: 0]
[extra_seed: 6]
[early_stopping_round: 0]
[early_stopping_min_delta: 0]
[first_metric_only: 0]
[max_delta_step: 0]
[lambda_l1: 0]
[lambda_l2: 1]
[linear_lambda: 0]
[min_gain_to_split: 0]
[drop_rate: 0.1]
[max_drop: 50]
[skip_drop: 0.5]
[xgboost_dart_mode: 0]
[uniform_drop: 0]
[drop_seed: 4]
[top_rate: 0.2]
[other_rate: 0.1]
[min_data_per_group: 100]
[max_cat_threshold: 32]
[cat_l2: 10]
[cat_smooth: 10]
[max_cat_to_onehot: 4]
[top_k: 20]
[monotone_constraints: ]
[monotone_constraints_method: basic]
[monotone_penalty: 0]
[feature_contri: ]
[forcedsplits_filename: ]
[refit_decay_rate: 0.9]
[cegb_tradeoff: 1]
[cegb_penalty_split: 0]
[cegb_penalty_feature_lazy: ]
[cegb_penalty_feature_coupled: ]
[path_smooth: 0]
[interaction_constraints: ]
[verbosity: -1]
[saved_feature_importance_type: 0]
[use_quantized_grad: 0]
[num_grad_quant_bins: 4]
[quant_train_renew_leaf: 0]
[stochastic_rounding: 1]
[linear_tree: 0]
[max_bin: 255]
[max_bin_by_feature: ]
[min_data_in_bin: 3]
[bin_construct_sample_cnt: 200000]
[data_random_seed: 1]
[is_enable_sparse: 1]
[enable_bundle: 1]
[use_missing: 1]
[zero_as_missing: 0]
[feature_pre_filter: 1]
[pre_partition: 0]
[two_round: 0]
[header: 0]
[label_column: ]
[weight_column: ]
[group_column: ]
[ignore_column: ]
[categorical_feature: ]
[forcedbins_filename: ]
[precise_float_parser: 0]
[parser_config_file: ]
[objective_seed: 5]
[num_class: 1]
[is_unbalance: 0]
[scale_pos_weight: 1]
[sigmoid: 1]
[boost_from_average: 1]
[reg_sqrt: 0]
[alpha: 0.9]
[fair_c: 1]
[poisson_max_delta_step: 0.7]
[tweedie_variance_power: 1.5]
[lambdarank_truncation_level: 30]
[lambdarank_norm: 1]
[label_gain: ]
[lambdarank_position_bias_regularization: 0]
[eval_at: ]
[multi_error_top_k: 1]
[auc_mu_weights: ]
[num_machines: 1]
[local_listen_port: 12400]
[time_out: 120]
[machine_list_filename: ]
[machines: ]
[gpu_platform_id: -1]
[gpu_device_id: -1]
[gpu_use_dp: 0]
[num_gpu: 1]

end of parameters

pandas_categorical:[]
