tree
version=v4
num_class=1
num_tree_per_iteration=1
label_index=0
max_feature_idx=28
objective=regression
feature_names=ret_1d ret_5d ret_20d vol_20d vol_60d dist_sma20 zscore_60d DXY_ret_5d DXY_ret_20d DXY_vol_20d VIX_lvl VIX_ret_5d VIX_ret_20d VIX_vol_20d DGS10_lvl DGS10_ret_5d DGS10_ret_20d DGS10_vol_20d DFF_lvl DFF_ret_5d DFF_ret_20d DFF_vol_20d T10Y2Y_lvl T10Y2Y_ret_5d T10Y2Y_ret_20d T10Y2Y_vol_20d BRENT_ret_5d BRENT_ret_20d BRENT_vol_20d
feature_infos=[-0.10589047743727331:0.10657144443668987] [-0.10145285281411365:0.12789268759543582] [-0.11952048408866478:0.20562866347565212] [0.00031483210175603819:0.040451709115400747] [0.00099258323607229627:0.025736691424419981] [-0.07378557317470158:0.14254904830952667] [-5.9609592715878792:4.8573078925593567] [-0.079974460780886325:0.052918397191728417] [-0.10161625382829964:0.11629473925670908] [0.0012965675371935925:0.01288712818343282] [9.1400000000000006:82.689999999999998] [-0.55909291210651668:1.1407237740182365] [-0.76225097212909132:1.7991637635396711] [0.21885828147095893:10.231592920176725] [0.52000000000000002:5.2599999999999998] [-0.71149631922814183:0.36396537720141164] [-1.0608719606852626:0.36412376795172297] [0.015861240410776269:0.14514149176434346] [0.040000000000000001:5.4100000000000001] [-1.9924301646902063:1.4170660197866445] [-3.0910424533583156:1.5040773967762742] [0:0.61974082019060694] [-1.0800000000000001:2.9100000000000001] [-2.4849066497879999:2.3978952727983707] [-3.1354942159291492:3.0910424533583152] [0.0085069630922340617:0.13247045350806183] [-0.8686840776068232:0.53680111016925114] [-1.2578486197194674:1.287854288306638] [0.0051420499435602838:0.21913587910708232]
tree_sizes=1553 1579 1577 1565 1569 1563 1559 1580 1581 1581 1564 1579 1578 1588

Tree=0
num_leaves=15
num_cat=0
split_feature=0 4 16 5 16 8 12 10 27 6 21 8 10 4
split_gain=0.0221465 0.0144765 0.0249584 0.0109256 0.00832093 0.0109124 0.00841004 0.00902678 0.00807085 0.0107901 0.00759329 0.00679575 0.00672303 0.00661565
threshold=-0.010833415644616371 0.0097258143787110583 0.11825630801402116 -0.018877726487361707 -0.098440072813252552 0.012365964525268504 0.07113610007581285 23.105000000000004 0.002145646046765926 1.3408125222095186 0.015217678902836684 0.0089996857443734885 17.370000000000001 0.013737678009662227
decision_type=10 10 10 10 10 10 10 2 10 10 10 10 2 10
left_child=12 11 3 10 -5 6 7 -6 9 -7 -3 -2 -1 -12
right_child=1 2 -4 4 5 8 -8 -9 -10 -11 13 -13 -14 -15
leaf_value=0.00079854676377089041 0.000472035506628325 0.000286331221238638 0.00079708626920405815 0.00013025001136176043 0.00030171778201426802 0.00043344589684377797 0.00045505876337919015 1.7751770288442067e-05 0.00028330130913754739 0.00088036676168315496 0.00046000286146296188 0.00059673555869248966 0.00057244404858093091 0.00079827419513102112
leaf_weight=209 1117 82 127 170 519 115 237 125 92 83 106 606 274 101
leaf_count=209 1117 82 127 170 519 115 237 125 92 83 106 606 274 101
internal_value=0.000480595 0.000454158 0.000393588 0.000361974 0.000325937 0.00035462 0.000302126 0.00024597 0.000514154 0.000621865 0.000529141 0.000515937 0.000670739 0.000625793
internal_weight=3963 3480 1757 1630 1341 1171 881 644 290 198 289 1723 483 207
internal_count=3963 3480 1757 1630 1341 1171 881 644 290 198 289 1723 483 207
is_linear=0
shrinkage=1


Tree=1
num_leaves=15
num_cat=0
split_feature=0 16 4 21 5 28 0 3 6 3 28 21 5 13
split_gain=0.0212626 0.0142748 0.0172566 0.01685 0.0157903 0.0144934 0.00884816 0.00982883 0.00869678 0.00865191 0.00818426 0.00634779 0.00825858 0.00657717
threshold=-0.018836803187639802 0.11825630801402116 0.0090570372994000781 0.016189665319509907 -0.036300871735857533 0.041922049422681858 0.022166463143575402 0.021674886205301887 0.78870684587235607 0.011428597084924757 0.022687034618534808 0.018259729717964412 -0.0038620829808174912 1.2518193035599696
decision_type=10 10 10 10 10 10 10 10 10 10 10 10 10 10
left_child=-1 2 9 8 -4 6 7 10 -3 -2 -6 12 -12 -13
right_child=1 3 4 -5 5 -7 -8 -9 -10 -11 11 13 -14 -15
leaf_value=0.00033041012990040445 3.0756287576855356e-05 0.00020701892037156098 0.00029828229837866891 0.00045402784588733367 -4.2676685673420673e-05 -0.00046345230085334099 -0.00036032332328790232 0.00023505442716938618 -0.00016697844798909498 0.00030996225552271339 -0.00012646614391157457 -0.0002458016760601822 -0.00051182974012617985 2.3832921316294565e-05
leaf_weight=168 1199 108 92 121 1244 94 98 90 114 108 103 151 98 175
leaf_count=168 1199 108 92 121 1244 94 98 90 114 108 103 151 98 175
internal_value=1.15882e-06 -1.34999e-05 -3.18563e-05 0.000170796 -8.42e-05 -0.000101477 -8.38803e-05 -6.91372e-05 1.50787e-05 5.4047e-05 -8.47197e-05 -0.000183695 -0.000315959 -0.000101429
internal_weight=3963 3795 3452 343 2145 2053 1959 1861 222 1307 1771 527 201 326
internal_count=3963 3795 3452 343 2145 2053 1959 1861 222 1307 1771 527 201 326
is_linear=0
shrinkage=0.03


Tree=2
num_leaves=15
num_cat=0
split_feature=0 4 16 5 16 24 27 21 12 25 4 4 23 25
split_gain=0.0200557 0.0129642 0.0223352 0.00998605 0.00767153 0.00863873 0.0190463 0.0071317 0.00695687 0.00628855 0.00664222 0.00627348 0.00611491 0.00690612
threshold=-0.010833415644616371 0.0097258143787110583 0.11825630801402116 -0.018877726487361707 -0.098440072813252552 -0.065048031808958295 0.014550535318947679 0.015217678902836684 0.3303896314431361 0.037764854130414117 0.013310866527993612 0.013737678009662227 0.040130249463606375 0.044091704961740967
decision_type=10 10 10 10 10 8 10 10 10 10 10 10 8 10
left_child=9 12 3 7 -5 6 -6 -3 -7 -1 -11 -9 13 -2
right_child=1 2 -4 4 5 8 -8 11 -10 10 -12 -13 -14 -15
leaf_value=0.00028164607595242667 4.7674542178458987e-05 -0.00018676067431596196 0.0003003526521160893 -0.00033360357351723405 0.00025518109322152229 -0.0001826043315599752 -0.00031692825443048895 -1.9220462052323461e-05 0.00010869670954114687 -6.3818407482836093e-05 0.00027295234413331318 0.00031018405853982958 -4.9499850859600477e-05 0.0002843471690692006
leaf_weight=261 1063 82 127 170 144 866 81 106 80 138 84 101 537 123
leaf_count=261 1063 82 127 170 144 866 81 106 80 138 84 101 537 123
internal_value=1.12384e-06 -2.40352e-05 -8.1354e-05 -0.00011126 -0.000145713 -0.000118174 4.87307e-05 4.85553e-05 -0.000157881 0.000182069 6.42609e-05 0.000142222 3.4428e-05 7.24387e-05
internal_weight=3963 3480 1757 1630 1341 1171 225 289 946 483 222 207 1723 1186
internal_count=3963 3480 1757 1630 1341 1171 225 289 946 483 222 207 1723 1186
is_linear=0
shrinkage=0.03


Tree=3
num_leaves=15
num_cat=0
split_feature=5 16 21 28 12 21 25 10 17 6 2 7 18 1
split_gain=0.0187701 0.0121712 0.0175337 0.0156356 0.0161635 0.0104631 0.0124795 0.00880089 0.0110197 0.00769938 0.00765205 0.00687618 0.00690411 0.00685333
threshold=-0.042715851837816794 0.13823948390760324 0.015217678902836684 0.022471107965484228 0.019915059770298619 0.072179402099147152 0.0321018117212949 20.705000000000002 0.052283384313931293 0.76936214409489501 -0.021208183437597668 0.0030904437468919359 2.4050000000000007 -0.010733980341057324
decision_type=8 10 8 10 10 10 10 2 10 10 8 8 2 8
left_child=-1 3 9 11 7 6 -6 8 -5 -3 -9 13 -13 -2
right_child=1 2 -4 4 5 -7 -8 10 -10 -11 -12 12 -14 -15
leaf_value=0.00045308632929205755 8.2262342126869213e-05 0.00022168634676993611 0.00054304184115437019 -0.00026667985428937402 0.00012759080036994419 0.00029278548676757053 -0.00024109132809762581 -0.00016188489362855977 8.4037315980013864e-05 -0.00016878780481613615 -0.00050523831363331027 0.00012908088557637062 -4.7495311098104416e-05 -5.7768178355342566e-05
leaf_weight=80 423 87 84 200 159 95 170 101 134 93 142 699 278 1218
leaf_count=80 423 87 84 200 159 95 170 101 134 93 142 699 278 1218
internal_value=1.09549e-06 -8.33097e-06 0.000187928 -2.26957e-05 -0.000123477 1.71655e-05 -6.30669e-05 -0.000226676 -0.000126142 2.01235e-05 -0.000363776 1.58707e-05 7.88399e-05 -2.16444e-05
internal_weight=3963 3883 264 3619 1001 424 329 577 334 180 243 2618 977 1641
internal_count=3963 3883 264 3619 1001 424 329 577 334 180 243 2618 977 1641
is_linear=0
shrinkage=0.03


Tree=4
num_leaves=15
num_cat=0
split_feature=0 6 16 21 28 12 12 18 3 0 20 6 3 14
split_gain=0.019197 0.0122962 0.0133875 0.0155523 0.0145047 0.0149449 0.00941008 0.00756347 0.0109432 0.00722891 0.00694152 0.00689546 0.00637434 0.00523329
threshold=-0.018836803187639802 -1.8260190712420559 0.11825630801402116 0.016189665319509907 0.022591854171571564 0.01463164906068082 -0.19046106491505907 0.24500000000000002 0.011235506641382554 0.01527487675705297 0.0050126677704980813 0.78870684587235607 0.010043229242455464 2.3650000000000007
decision_type=10 10 10 10 10 10 10 2 10 10 8 10 8 2
left_child=-1 10 4 11 9 6 -6 -7 -9 13 12 -4 -2 -3
right_child=1 2 3 -5 5 7 -8 8 -10 -11 -12 -13 -14 -15
leaf_value=0.00031391603326956746 8.5873307913504043e-05 6.8341513577840332e-05 0.00018792420860731711 0.00042659976427399912 -8.3136775471003992e-05 -0.00016141243878973907 -0.00035709742283573947 -0.00014936653917109387 0.00030052051707309021 -0.00021133446114836261 9.8923427789155864e-07 -0.00016053049964324126 0.00040302546072689435 -3.1271698742225524e-05
leaf_weight=168 110 738 91 117 174 159 324 82 117 149 175 114 119 1326
leaf_count=168 110 738 91 117 174 159 324 82 117 149 175 114 119 1326
internal_value=1.06629e-06 -1.28622e-05 -3.15136e-05 0.000152219 -5.08342e-05 -0.000155621 -0.000261735 -7.69357e-06 0.00011532 -1.02499e-05 0.00014338 -5.68922e-06 0.000251717 4.36166e-06
internal_weight=3963 3795 3391 322 3069 856 498 358 199 2213 404 205 229 2064
internal_count=3963 3795 3391 322 3069 856 498 358 199 2213 404 205 229 2064
is_linear=0
shrinkage=0.03


Tree=5
num_leaves=15
num_cat=0
split_feature=0 8 1 21 12 6 4 4 2 4 21 24 28 16
split_gain=0.0151915 0.0126665 0.0142487 0.0101511 0.0101108 0.00745625 0.00740607 0.00709768 0.0102184 0.00647038 0.0088651 0.00614745 0.00590558 0.0133783
threshold=-0.011424559570894386 0.0061442192289584705 0.012347838020449144 0.15431292433114582 0.06148333156350972 -2.6820789299923944 0.011164497319874119 0.0089219147497528479 -0.056854440422758216 0.012241256400769653 0.025955427380919039 -0.034393933695343569 0.022591854171571564 0.11346293151535423
decision_type=8 10 8 10 10 10 8 10 10 8 10 10 10 10
left_child=-1 2 4 5 7 -3 -6 -2 -9 -4 -11 -8 -7 -14
right_child=1 3 9 -5 6 12 11 8 -10 10 -12 -13 13 -15
leaf_value=0.0001635657943583436 1.779483335535282e-05 0.00028530270624492737 -0.00012257123702496639 0.00037233497918350624 4.0706548747563165e-07 5.2656815075437799e-05 6.7316072860948466e-05 0.00013123349161201316 -0.00017687811203236594 -0.00014955407064298152 -0.00056709946010454111 0.00043790814208073746 -0.00017333325364756157 0.00025785883108188432
leaf_weight=438 460 92 247 80 294 825 81 113 652 93 91 80 323 80
leaf_count=438 460 92 247 80 294 825 81 113 652 93 91 80 323 80
internal_value=-2.81947e-06 -2.36168e-05 -7.00074e-05 4.63336e-05 -3.0474e-05 2.63091e-05 9.01547e-05 -7.5316e-05 -0.000131254 -0.000223678 -0.000358007 0.000253028 6.68928e-06 -8.73104e-05
internal_weight=3949 3511 2111 1400 1680 1320 455 1225 765 431 184 161 1228 403
internal_count=3949 3511 2111 1400 1680 1320 455 1225 765 431 184 161 1228 403
is_linear=0
shrinkage=0.03


Tree=6
num_leaves=15
num_cat=0
split_feature=0 8 1 21 12 6 18 10 20 28 26 8 10 16
split_gain=0.0142948 0.0120036 0.0138497 0.0122526 0.00995564 0.00782737 0.00774823 0.00811432 0.00904559 0.00740736 0.00700932 0.00695096 0.00534373 0.00516646
threshold=-0.011424559570894386 0.00037321701073267382 0.01273350781371896 0.16664430737467659 0.06148333156350972 -1.8048594639611604 2.4850000000000008 13.025 -0.11778303565638347 0.022687034618534808 0.01357759492714772 -0.020195383852112055 16.685000000000006 0.11346293151535423
decision_type=8 10 8 10 10 8 2 2 10 10 10 10 2 10
left_child=12 2 4 6 5 -2 7 -3 -9 -7 -4 -6 -1 -10
right_child=1 3 10 -5 11 9 -8 8 13 -11 -12 -13 -14 -15
leaf_value=0.0002813738688812402 0.00015494264048467353 0.00019940068875634094 -0.00015375398869093662 0.00038216234995257654 0.00034053334349731876 -7.0430211817477961e-05 -0.0001149770696188077 -0.00020730743745837833 1.3413230269027499e-05 -0.00028014830601806839 -0.00044484481920383249 2.5975439438956653e-05 6.9027308064345126e-05 0.00019891371154213833
leaf_weight=184 106 249 220 84 80 686 340 148 842 194 113 289 254 160
leaf_count=184 106 249 220 84 80 686 340 148 842 194 113 289 254 160
internal_value=-2.73036e-06 -2.29046e-05 -8.05278e-05 3.04663e-05 -3.78463e-05 -8.75741e-05 1.32682e-05 4.44956e-05 1.08112e-05 -0.000116929 -0.000253569 9.49083e-05 0.00015867 4.32029e-05
internal_weight=3949 3511 1688 1823 1355 986 1739 1399 1150 880 333 369 438 1002
internal_count=3949 3511 1688 1823 1355 986 1739 1399 1150 880 333 369 438 1002
is_linear=0
shrinkage=0.03


Tree=7
num_leaves=15
num_cat=0
split_feature=6 8 0 5 3 21 4 23 21 3 8 25 8 5
split_gain=0.0136239 0.0128447 0.0111305 0.00986991 0.0103159 0.00973894 0.00915356 0.00900463 0.00867704 0.00864772 0.00781108 0.00713074 0.00645582 0.00498368
threshold=-1.8048594639611604 0.00052685084770143231 -0.015471147112823045 0.025411316760965939 0.017861161103498533 0.16664430737467659 0.01736884949748255 -0.79969378829029913 0.035758694194926062 0.0076054205122998144 -0.019897583172810759 0.043075820546908568 0.017319464906368601 -0.020293861482437517
decision_type=10 10 8 10 10 10 8 10 10 10 8 10 10 10
left_child=10 3 -3 4 8 6 7 -4 13 -10 -1 -11 -12 -2
right_child=1 2 5 -5 -6 -7 -8 -9 9 11 12 -13 -14 -15
leaf_value=0.0004109229229483649 0.00010346637678533588 0.00035573242401389489 -0.00016730823810576112 -0.00034515458478836082 0.00023218187461607157 0.00031547843428202414 -0.00028440391815445429 4.5089047039489709e-05 -1.4574240962446083e-05 -0.00016743454397883173 2.2632892079322246e-05 -0.00050853823932414438 0.00030809925904403383 -6.9426686069134794e-05
leaf_weight=83 178 90 207 119 99 91 96 1317 127 122 296 102 93 929
leaf_count=83 178 90 207 119 99 91 96 1317 127 122 296 102 93 929
internal_value=-2.64545e-06 -2.31887e-05 3.24283e-05 -8.29374e-05 -6.26878e-05 1.52243e-05 -1.82599e-06 1.6149e-05 -8.28552e-05 -0.000212612 0.000148416 -0.000324328 9.14956e-05 -4.15581e-05
internal_weight=3949 3477 1801 1676 1557 1711 1620 1524 1458 351 472 224 389 1107
internal_count=3949 3477 1801 1676 1557 1711 1620 1524 1458 351 472 224 389 1107
is_linear=0
shrinkage=0.03


Tree=8
num_leaves=15
num_cat=0
split_feature=5 8 0 25 5 28 21 18 15 26 12 5 21 18
split_gain=0.0130343 0.0136249 0.0129398 0.0123223 0.0107477 0.00738229 0.0126081 0.00748183 0.00761655 0.00806754 0.00659853 0.0124837 0.00659713 0.00585583
threshold=-0.042715851837816794 1.0000000180025095e-35 -0.016313362097224001 0.05408934105944279 -0.020293861482437517 0.041922049422681858 0.15965693416540019 2.4850000000000008 -0.060306010244821288 0.010572022200904032 0.31936483823414857 0.025411316760965939 0.015217678902836684 0.15500000000000003
decision_type=8 8 10 10 10 10 10 2 8 8 10 10 10 2
left_child=-1 3 -3 4 12 6 7 8 -4 -10 11 13 -2 -6
right_child=1 2 5 -5 10 -7 -8 -9 9 -11 -12 -13 -14 -15
leaf_value=0.00036491559536935868 -4.4879333354715368e-05 0.00038834726934569076 -0.00016828959992190628 -0.00032882701545340273 9.9631018460730088e-06 -0.00025252305483374539 0.00039976956804580312 -0.00010311702577554672 0.00013318572534092767 -1.9252460686755831e-05 0.00015049924798076972 -0.00044540908689423607 0.00022564337051291067 -0.00012905511717408217
leaf_weight=84 144 92 128 151 438 81 82 348 795 514 99 88 184 721
leaf_count=84 144 92 128 151 438 81 82 348 795 514 99 88 184 721
internal_value=-2.56429e-06 -1.06432e-05 4.26232e-05 -7.01756e-05 -4.66621e-05 2.61045e-05 3.83215e-05 2.15026e-05 5.17326e-05 7.33594e-05 -8.41837e-05 -0.000102921 0.000107102 -7.65552e-05
internal_weight=3949 3865 2040 1825 1674 1948 1867 1785 1437 1309 1346 1247 328 1159
internal_count=3949 3865 2040 1825 1674 1948 1867 1785 1437 1309 1346 1247 328 1159
is_linear=0
shrinkage=0.03


Tree=9
num_leaves=15
num_cat=0
split_feature=0 0 6 12 21 21 2 28 6 10 24 28 23 13
split_gain=0.0124889 0.00862898 0.0097679 0.00926347 0.0194526 0.0128992 0.00930473 0.00860674 0.00838973 0.00829627 0.0068288 0.00617451 0.00571939 0.00569619
threshold=-0.011424559570894386 0.025023578476076839 -1.8260190712420559 0.0079521217577211995 0.11185045418587732 0.019648149057770504 0.0048083975143797817 0.023442454234010517 0.81861030003931168 20.545000000000005 -0.065048031808958295 0.024399560226459966 0.054861997045554896 0.98090499197110037
decision_type=8 10 10 10 10 10 10 10 10 2 8 10 8 10
left_child=-1 2 13 5 6 7 11 10 -7 12 -4 -5 -8 -2
right_child=1 -3 3 4 -6 8 9 -9 -10 -11 -12 -13 -14 -15
leaf_value=0.00014837466925206932 2.1231558008506769e-05 -0.0002816405100433307 0.00021886138945656174 4.3736106319482802e-05 0.00040744690369267896 -0.00013075287124809107 6.0878557231985884e-05 -0.00016789214438496793 -0.0004186714387222107 -0.00022005443951193904 -4.0913396300323017e-06 0.00032307798725549433 -0.00018787397946407264 0.00025775923748934192
leaf_weight=438 194 110 153 442 111 596 331 232 107 241 627 84 110 173
leaf_count=438 194 110 153 442 111 596 331 232 107 241 627 84 110 173
internal_value=-2.48598e-06 -2.13429e-05 -1.28436e-05 -3.05385e-05 2.92237e-05 -7.64916e-05 -5.83853e-06 -7.88112e-06 -0.000175108 -7.891e-05 3.98659e-05 8.88742e-05 -1.45324e-06 0.000133126
internal_weight=3949 3511 3401 3034 1319 1715 1208 1012 703 682 780 526 441 367
internal_count=3949 3511 3401 3034 1319 1715 1208 1012 703 682 780 526 441 367
is_linear=0
shrinkage=0.03


Tree=10
num_leaves=15
num_cat=0
split_feature=5 8 16 28 6 5 23 3 28 4 5 7 18 10
split_gain=0.0143313 0.0125002 0.0116613 0.0141563 0.0117622 0.0104179 0.0140955 0.00947125 0.011699 0.00935138 0.00699815 0.00692983 0.00617493 0.00747125
threshold=-0.035231417402865776 -1.0000000180025095e-35 0.11346293151535423 0.022471107965484228 -0.93490654722269451 0.020606395605251949 0.043172171865208671 0.017861161103498533 0.02863121714448592 0.012860960111330371 -0.020293861482437517 0.0030904437468919359 2.4450000000000007 13.145000000000001
decision_type=8 8 10 10 10 8 8 10 10 10 10 10 2 2
left_child=-1 5 3 11 -5 7 -7 8 10 -4 -2 -3 13 -13
right_child=1 2 9 4 -6 6 -8 -9 -10 -11 -12 12 -14 -15
leaf_value=0.00028721695134376399 0.00010962888604417159 -6.6908262019476308e-06 0.0001005788965940829 0.0001834388497580221 -0.00017611265059331546 -6.098614713827816e-05 -0.00057731858263852895 0.00024507452242350037 -0.00034624199194641889 0.00049191128325349243 -6.7579961963218078e-05 0.00038563612313821996 -2.2349138493764856e-05 0.00012034860624225984
leaf_weight=151 243 561 161 99 454 116 80 96 118 83 1127 128 166 375
leaf_count=151 243 561 161 99 454 116 80 96 118 83 1127 128 166 375
internal_value=1.561e-06 -9.84164e-06 4.1091e-05 1.4416e-05 -0.00011153 -6.78324e-05 -0.000273595 -4.22153e-05 -6.09023e-05 0.000235161 -3.6091e-05 7.1085e-05 0.000136218 0.000188488
internal_weight=3958 3807 2027 1783 553 1780 196 1584 1488 244 1370 1230 669 503
internal_count=3958 3807 2027 1783 553 1780 196 1584 1488 244 1370 1230 669 503
is_linear=0
shrinkage=0.03


Tree=11
num_leaves=15
num_cat=0
split_feature=5 8 16 28 25 6 25 19 13 20 5 3 4 13
split_gain=0.0134894 0.0117676 0.0109787 0.0133214 0.0133003 0.0110713 0.00989977 0.00541121 0.00676884 0.0051928 0.0107345 0.00950292 0.0111755 0.00485109
threshold=-0.035231417402865776 -1.0000000180025095e-35 0.11346293151535423 0.022471107965484228 0.045926140649776778 -0.93490654722269451 0.054666452716740026 -0.041002735444084164 1.533017982452767 -0.22314355131421001 0.025411316760965939 0.017254083088461269 0.014537973759743897 2.2955766073931074
decision_type=8 8 10 10 10 10 10 10 10 10 10 10 10 10
left_child=-1 6 3 -3 -4 -5 9 -7 -9 -2 11 12 -11 -10
right_child=1 2 4 5 -6 7 -8 8 13 10 -12 -13 -14 -15
leaf_value=0.00027865712838475749 0.00018685455802731294 6.896403377128255e-05 3.9633265550946817e-05 0.00017799071609897509 0.00048772929639225482 -0.00037805616142097754 -0.00029991745403241179 -0.00025040436323851476 0.00017569550481515335 -2.7504114186605405e-05 -0.00035902915220834653 0.00024463419778281733 -0.00030884892720588512 -0.00013049735771452562
leaf_weight=151 82 1230 142 99 102 90 148 178 84 1211 98 100 141 102
leaf_count=151 82 1230 142 99 102 90 148 178 84 1211 98 100 141 102
internal_value=1.51923e-06 -9.5434e-06 3.98742e-05 1.39917e-05 0.000228178 -0.000108183 -6.58092e-05 -0.000170841 -0.000118711 -4.44081e-05 -5.67552e-05 -3.61208e-05 -5.70521e-05 7.98337e-06
internal_weight=3958 3807 2027 1783 244 553 1780 454 364 1632 1550 1452 1352 186
internal_count=3958 3807 2027 1783 244 553 1780 454 364 1632 1550 1452 1352 186
is_linear=0
shrinkage=0.03


Tree=12
num_leaves=15
num_cat=0
split_feature=5 0 26 16 4 28 26 0 28 22 13 27 11 5
split_gain=0.0127002 0.010267 0.00944819 0.00780693 0.0117733 0.0115551 0.0115082 0.00877027 0.00953876 0.00650532 0.00849222 0.00897793 0.00630276 0.00596327
threshold=-0.036300871735857533 -0.018424555907457393 0.09199552529654477 0.11825630801402116 0.0097258143787110583 0.027009615772321832 0.0037566296637048251 0.013472877063342993 0.032084440634369209 2.2250000000000005 1.2676180358943134 -0.001456453660098944 -0.0073621820477489655 0.024964994683947306
decision_type=8 10 10 10 10 10 10 10 10 2 10 10 10 10
left_child=-1 -2 3 4 -3 6 -5 8 9 10 13 12 -12 -6
right_child=1 2 -4 5 7 -7 -8 -9 -10 -11 11 -13 -14 -15
leaf_value=0.00028421042866007745 0.00023625147942078222 3.140900877929501e-05 -0.00032571031970788186 0.00027154968136473503 -2.6560416592274871e-05 0.00043492017249121428 -0.00015045207024315383 -0.00026586612027561539 -0.00030712587097960137 -0.00016536520892384879 9.586396936753748e-05 -5.9913427583328702e-05 0.00042429706871189405 -0.0002942278346990649
leaf_weight=137 147 1651 87 98 583 82 140 204 123 260 118 148 95 85
leaf_count=137 147 1651 87 98 583 82 140 204 123 260 118 148 95 85
internal_value=1.47294e-06 -8.73618e-06 -1.86e-05 -1.10625e-05 -2.49267e-05 0.000130119 2.37225e-05 -8.24664e-05 -5.58001e-05 -3.15984e-05 2.3285e-06 0.000119374 0.000243646 -6.10088e-05
internal_weight=3958 3821 3674 3587 3267 320 238 1616 1412 1289 1029 361 213 668
internal_count=3958 3821 3674 3587 3267 320 238 1616 1412 1289 1029 361 213 668
is_linear=0
shrinkage=0.03


Tree=13
num_leaves=15
num_cat=0
split_feature=0 16 4 28 26 1 0 28 8 28 3 24 9 25
split_gain=0.0112463 0.00810901 0.00987196 0.00978331 0.0104305 0.00871475 0.00799514 0.00989292 0.00636215 0.00730926 0.00843128 0.00579531 0.00578022 0.00572193
threshold=-0.018424555907457393 0.11825630801402116 0.0097258143787110583 0.027009615772321832 0.0037566296637048251 -0.028831773445128658 0.014849437433637204 0.032084440634369209 0.032379297240823231 0.023907764505181114 0.0080859321696473193 -0.065048031808958295 0.003911231610463378 0.034858737023731795
decision_type=10 10 10 10 10 10 10 10 10 10 10 8 10 10
left_child=-1 2 8 4 -3 -4 7 11 9 -2 -11 12 -7 -8
right_child=1 3 5 -5 -6 6 13 -9 -10 10 -12 -13 -14 -15
leaf_value=0.00023446952337089283 3.9963436909666706e-05 0.00026348547487445599 0.00015853152593546028 0.00037379159517778374 -0.00013433621653667933 -0.00010090894132980937 -0.00044583100987517316 -0.00029640190043103172 0.00028625964962951161 -0.00035897557431292766 2.58243675947207e-05 -7.5843713149527413e-05 0.00017518340177798925 -0.00011229999483475695
leaf_weight=177 1391 98 134 102 147 106 91 152 81 94 111 991 188 95
leaf_count=177 1391 98 134 102 147 106 91 152 81 94 111 991 188 95
internal_value=1.43014e-06 -9.53825e-06 -2.3516e-05 0.000128459 2.52167e-05 -7.31909e-05 -9.24084e-05 -6.83408e-05 2.85411e-05 1.52904e-05 -0.000151507 -4.11544e-05 7.56353e-05 -0.000276991
internal_weight=3958 3781 3434 347 245 1757 1623 1437 1677 1596 205 1285 294 186
internal_count=3958 3781 3434 347 245 1757 1623 1437 1677 1596 205 1285 294 186
is_linear=0
shrinkage=0.03


end of trees

feature_importances:
dist_sma20=17
BRENT_vol_20d=17
ret_1d=16
DFF_vol_20d=16
vol_60d=14
DGS10_ret_20d=13
zscore_60d=12
DXY_ret_20d=12
vol_20d=9
VIX_ret_20d=9
T10Y2Y_vol_20d=8
VIX_lvl=7
DFF_lvl=6
VIX_vol_20d=5
BRENT_ret_5d=5
ret_5d=4
T10Y2Y_ret_5d=4
T10Y2Y_ret_20d=4
ret_20d=3
DFF_ret_20d=3
BRENT_ret_20d=3
DXY_ret_5d=2
DXY_vol_20d=1
VIX_ret_5d=1
DGS10_lvl=1
DGS10_ret_5d=1
DGS10_vol_20d=1
DFF_ret_5d=1
T10Y2Y_lvl=1

parameters:
[boosting: gbdt]
[objective: regression]
[metric: rmse]
[tree_learner: serial]
[device_type: cpu]
[data_sample_strategy: bagging]
[data: ]
[valid: ]
[num_iterations: 600]
[learning_rate: 0.03]
[num_leaves: 15]
[num_threads: 0]
[seed: 0]
[deterministic: 0]
[force_col_wise: 0]
[force_row_wise: 0]
[histogram_pool_size: -1]
[max_depth: -1]
[min_data_in_leaf: 80]
[min_sum_hessian_in_leaf: 0.001]
[bagging_fraction: 0.8]
[pos_bagging_fraction: 1]
[neg_bagging_fraction: 1]
[bagging_freq: 5]
[bagging_seed: 3]
[bagging_by_query: 0]
[feature_fraction: 0.8]
[feature_fraction_bynode: 1]
[feature_fraction_seed: 2]
[extra_trees: 0]
[extra_seed: 6]
[early_stopping_round: 0]
[early_stopping_min_delta: 0]
[first_metric_only: 0]
[max_delta_step: 0]
[lambda_l1: 0]
[lambda_l2: 1]
[linear_lambda: 0]
[min_gain_to_split: 0]
[drop_rate: 0.1]
[max_drop: 50]
[skip_drop: 0.5]
[xgboost_dart_mode: 0]
[uniform_drop: 0]
[drop_seed: 4]
[top_rate: 0.2]
[other_rate: 0.1]
[min_data_per_group: 100]
[max_cat_threshold: 32]
[cat_l2: 10]
[cat_smooth: 10]
[max_cat_to_onehot: 4]
[top_k: 20]
[monotone_constraints: ]
[monotone_constraints_method: basic]
[monotone_penalty: 0]
[feature_contri: ]
[forcedsplits_filename: ]
[refit_decay_rate: 0.9]
[cegb_tradeoff: 1]
[cegb_penalty_split: 0]
[cegb_penalty_feature_lazy: ]
[cegb_penalty_feature_coupled: ]
[path_smooth: 0]
[interaction_constraints: ]
[verbosity: -1]
[saved_feature_importance_type: 0]
[use_quantized_grad: 0]
[num_grad_quant_bins: 4]
[quant_train_renew_leaf: 0]
[stochastic_rounding: 1]
[linear_tree: 0]
[max_bin: 255]
[max_bin_by_feature: ]
[min_data_in_bin: 3]
[bin_construct_sample_cnt: 200000]
[data_random_seed: 1]
[is_enable_sparse: 1]
[enable_bundle: 1]
[use_missing: 1]
[zero_as_missing: 0]
[feature_pre_filter: 1]
[pre_partition: 0]
[two_round: 0]
[header: 0]
[label_column: ]
[weight_column: ]
[group_column: ]
[ignore_column: ]
[categorical_feature: ]
[forcedbins_filename: ]
[precise_float_parser: 0]
[parser_config_file: ]
[objective_seed: 5]
[num_class: 1]
[is_unbalance: 0]
[scale_pos_weight: 1]
[sigmoid: 1]
[boost_from_average: 1]
[reg_sqrt: 0]
[alpha: 0.9]
[fair_c: 1]
[poisson_max_delta_step: 0.7]
[tweedie_variance_power: 1.5]
[lambdarank_truncation_level: 30]
[lambdarank_norm: 1]
[label_gain: ]
[lambdarank_position_bias_regularization: 0]
[eval_at: ]
[multi_error_top_k: 1]
[auc_mu_weights: ]
[num_machines: 1]
[local_listen_port: 12400]
[time_out: 120]
[machine_list_filename: ]
[machines: ]
[gpu_platform_id: -1]
[gpu_device_id: -1]
[gpu_use_dp: 0]
[num_gpu: 1]

end of parameters

pandas_categorical:[]
