tree
version=v4
num_class=1
num_tree_per_iteration=1
label_index=0
max_feature_idx=28
objective=binary sigmoid:1
feature_names=ret_1d ret_5d ret_20d vol_20d vol_60d dist_sma20 zscore_60d DXY_ret_5d DXY_ret_20d DXY_vol_20d VIX_lvl VIX_ret_5d VIX_ret_20d VIX_vol_20d DGS10_lvl DGS10_ret_5d DGS10_ret_20d DGS10_vol_20d DFF_lvl DFF_ret_5d DFF_ret_20d DFF_vol_20d T10Y2Y_lvl T10Y2Y_ret_5d T10Y2Y_ret_20d T10Y2Y_vol_20d COPPER_ret_5d COPPER_ret_20d COPPER_vol_20d
feature_infos=[-0.12488260245214189:0.06218890282327294] [-0.12764813603400693:0.1098258035541777] [-0.17629174469888387:0.19205076900306839] [0.0009430652369104757:0.034266160845165865] [0.0016925342360626652:0.025268464597358022] [-0.073114441198262603:0.12667640912772044] [-4.4255050318821789:4.3247153971779726] [-0.079974460780886325:0.052918397191728417] [-0.10161625382829964:0.11629473925670908] [0.0012965675371935925:0.01288712818343282] [9.1400000000000006:82.689999999999998] [-0.55909291210651668:1.1407237740182365] [-0.76225097212909132:1.7991637635396711] [0.21885828147095893:10.231592920176725] [0.52000000000000002:5.2599999999999998] [-0.71149631922814183:0.36396537720141164] [-1.0608719606852626:0.36412376795172297] [0.015861240410776269:0.14514149176434346] [0.040000000000000001:5.4100000000000001] [-1.9924301646902063:1.4170660197866445] [-3.0910424533583156:1.5040773967762742] [0:0.61974082019060694] [-1.0800000000000001:2.9100000000000001] [-2.4849066497879999:2.3978952727983707] [-3.1354942159291492:3.0910424533583152] [0.0085069630922340617:0.13247045350806183] [-0.26397034778676443:0.18873944231605755] [-0.60895409632906017:0.34104771597443306] [0.0057941454813173737:0.065760647574406722]
tree_sizes=1701 1754 1750 1734 1746 1744

Tree=0
num_leaves=15
num_cat=0
split_feature=17 14 18 5 26 25 18 5 25 9 21 16 21 14
split_gain=150.437 57.7085 44.7841 42.494 30.6746 28.3405 31.5489 27.6018 24.1623 37.7803 29.9306 16.4438 12.2252 16.6302
threshold=0.060818972109211715 1.4950000000000003 0.32000000000000006 -0.016752546469246492 -0.00056851850213068811 0.061274823604592792 4.3800000000000008 0.034075690135309013 0.061274823604592792 0.0081174716435957594 0.013817319185527383 0.043249983793816567 1.0000000180025095e-35 1.9850000000000001
decision_type=10 2 2 8 10 10 2 8 10 10 10 8 8 2
left_child=1 4 8 -4 -1 6 -5 12 10 -10 -2 -6 -3 -14
right_child=2 7 3 5 11 -7 -8 -9 9 -11 -12 -13 13 -15
leaf_value=-1.3771834994003098 -1.3874615268191621 -1.3598025829658804 -1.3653776240605207 -1.2833899515034677 -1.3025080036229377 -1.3560703656043476 -1.3343277931096171 -1.3390327013525796 -1.3051696223893152 -1.3719835186694915 -1.3374149497358891 -1.3497020040060559 -1.3716591696904972 -1.3859714783172881
leaf_weight=15.847569197416304 34.76762630045414 21.830835118889809 20.537156000733376 26.682131811976433 13.260210961103439 12.936791181564329 21.669125229120255 13.421920850872992 14.230470299720766 15.039019748568533 14.392180189490317 14.553890079259872 96.702514082193375 304.49972243607044
leaf_count=98 215 135 127 165 82 80 134 83 88 93 89 90 598 1883
internal_value=-1.36827 -1.37668 -1.3432 -1.3278 -1.34416 -1.31546 -1.30506 -1.37998 -1.35957 -1.33848 -1.37248 -1.32569 -1.38135 -1.38254
internal_weight=640.371 480.117 160.255 81.8252 43.6617 61.288 48.3513 436.455 78.4293 29.2695 49.1598 27.8141 423.033 401.202
internal_count=3960 2969 991 506 270 379 299 2699 485 181 304 172 2616 2481
is_linear=0
shrinkage=1


Tree=1
num_leaves=15
num_cat=0
split_feature=17 22 5 20 22 13 5 22 21 17 28 21 21 28
split_gain=140.386 71.6078 46.6887 35.3887 27.6388 30.5965 27.6148 28.4298 42.636 42.4114 34.774 26.9594 18.6741 18.3858
threshold=0.061667614976113123 2.1150000000000007 -0.0024932567501106694 -0.15450242096030117 1.3550000000000002 1.4989625793554235 0.032748786159662445 1.1150000000000004 0.031108890145484895 0.040167412819742489 0.013417419021953279 0.10725454920194409 0.012182817926548278 0.014675632357335279
decision_type=10 2 8 8 2 10 8 2 8 10 10 10 10 10
left_child=3 2 11 13 5 -4 7 8 9 -5 -11 12 -2 -1
right_child=1 -3 4 6 -6 -7 -8 -9 -10 10 -12 -13 -14 -15
leaf_value=0.0017666505690849899 0.024136747826836721 -0.0087373173496404517 0.058695519092874564 -0.0065408533847812001 0.079100239394165356 0.0033230332771825672 0.030082433475934596 -0.020270077480805927 -0.01791684936765044 0.043700816024608596 -0.0075621598750798581 0.045803713350268817 -0.017667885619913667 0.049047391335754316
leaf_weight=15.959297552704813 16.557220280170441 41.839867904782295 21.422400936484337 86.199800297617912 24.693558141589165 15.192400798201559 14.131249800324438 181.84013290703297 118.74956287443638 35.943112045526505 17.187640935182571 17.363852083683014 20.268631488084793 12.931830167770384
leaf_count=99 101 259 129 535 149 92 86 1133 741 221 106 105 124 80
internal_value=0.000218923 0.0247389 0.0368367 -0.00780404 0.0546037 0.0364192 -0.00986699 -0.0112156 -0.00478226 0.00646007 0.0272841 0.0161105 0.00126904 0.0238626
internal_weight=640.281 157.338 115.498 482.943 61.3084 36.6148 454.051 439.92 258.08 139.331 53.1308 54.1897 36.8259 28.8911
internal_count=3960 959 700 3001 370 221 2822 2736 1603 862 327 330 225 179
is_linear=0
shrinkage=0.03


Tree=2
num_leaves=15
num_cat=0
split_feature=21 4 25 21 22 6 13 14 25 4 16 6 3 5
split_gain=90.7397 65.4066 61.7719 52.3855 42.1528 35.8339 33.7076 33.195 47.7264 32.3298 26.3548 23.9519 31.4005 21.8115
threshold=0.096116704402664607 0.0081894906948347685 0.034182174486588432 0.0051041778553253805 1.0550000000000004 -0.9473846382761405 1.6110696957978499 1.8150000000000002 0.022147828692435558 0.014534540116863325 -0.01737287870251036 1.8466630930594883 0.0086376606798937838 0.005931085532650481
decision_type=10 8 10 10 2 10 10 2 10 8 8 8 8 10
left_child=2 -2 7 4 5 -4 -5 8 -1 10 -3 -9 -13 -8
right_child=1 9 3 6 -6 -7 13 11 -10 -11 -12 12 -14 -15
leaf_value=0.048912218491847459 -0.020956039480382858 0.032151669713951649 0.00010568910456984584 -0.0097847951043476267 -0.013156843178269682 0.056754301073648046 0.0029222012850950571 -0.020437154627184349 -0.0077601422069891084 0.011771962839553105 0.089760875297277262 -0.016409182790704798 0.041040862673998882 0.039383330724058203
leaf_weight=16.750897154211998 13.936534553766249 13.617183849215506 13.400713309645651 121.30287159979343 15.278208151459692 39.235581696033478 37.604656711220741 225.33715891838074 53.436811774969101 13.621433794498442 19.202642142772675 20.728660017251968 13.164248168468474 23.502848759293556
leaf_count=103 87 81 81 755 95 234 232 1416 330 82 113 130 80 141
internal_value=0.00021737 0.0349065 -0.00344925 0.00776684 0.0300502 0.0426029 -0.000648241 -0.0119701 0.00626229 0.0517587 0.0675158 -0.0169117 0.00644152 0.017354
internal_weight=640.12 60.3778 579.743 250.325 67.9145 52.6363 182.41 329.418 70.1877 46.4413 32.8198 259.23 33.8929 61.1075
internal_count=3960 363 3597 1538 410 315 1128 2059 433 276 194 1626 210 373
is_linear=0
shrinkage=0.03


Tree=3
num_leaves=15
num_cat=0
split_feature=17 22 14 5 14 18 25 5 6 16 14 20 2 22
split_gain=123.355 55.6083 51.3177 37.5877 30.3233 25.2254 23.642 22.9941 18.7866 17.5852 17.1238 15.9889 19.3027 16.6849
threshold=0.060818972109211715 2.1150000000000007 1.4950000000000003 -0.016752546469246492 2.1850000000000005 4.495000000000001 0.034549735317746098 0.034075690135309013 -0.098362363322587493 0.095049239299358948 3.3450000000000002 -0.14265767941932847 0.0013501780679754385 1.0950000000000004
decision_type=10 2 2 8 2 2 10 8 10 10 2 8 10 2
left_child=2 3 6 -2 -5 9 8 11 -1 -6 -3 12 -4 -13
right_child=1 10 7 4 5 -7 -8 -9 -10 -11 -12 13 -14 -15
leaf_value=-0.016789921535046225 0.0021141997768120446 -0.027887688718530534 -0.017665897231297557 0.0039005735453127932 0.071367522744750209 0.022963617478393813 0.050225411751071335 0.025653681837935996 0.03062519429022903 0.02997558503380229 0.009443500232322502 -0.0082026943501092298 0.029735223251544242 -0.020846181336576012
leaf_weight=15.1328272074461 28.369957745075226 18.531435370445251 12.976481437683107 16.256363779306412 38.831180706620216 25.05398365855217 16.382988050580025 14.129827246069906 13.134477525949476 14.867295965552328 24.667024970054626 217.83430925011635 16.479378029704094 167.2324311286211
leaf_count=93 171 116 81 96 222 147 97 83 80 86 153 1370 102 1063
internal_value=0.000214859 0.02234 -0.0076027 0.0325295 0.041495 0.0491092 0.0226739 -0.0108019 0.00553526 0.060665 -0.00683961 -0.0121033 0.00895874 -0.0137335
internal_weight=639.88 166.577 473.303 123.379 95.0088 78.7525 44.6503 428.652 28.2673 53.6985 43.1985 414.523 29.4559 385.067
internal_count=3960 991 2969 722 551 455 270 2699 173 308 269 2616 183 2433
is_linear=0
shrinkage=0.03


Tree=4
num_leaves=15
num_cat=0
split_feature=10 18 21 18 9 18 4 22 14 6 22 24 14 9
split_gain=83.4081 43.0101 35.8938 34.227 63.2241 31.7122 31.212 27.1856 31.0126 24.7128 33.5644 23.2232 17.9361 29.2221
threshold=20.205000000000002 5.3250000000000011 0.090115404135929791 0.37500000000000006 0.0042821682974456031 0.13500000000000004 0.013672661675320113 1.5550000000000004 1.1400000000000001 1.7671572375301416 0.93500000000000016 0.043989611864432905 1.8150000000000002 0.0028876123605804968
decision_type=2 2 10 2 10 2 10 2 2 10 2 8 2 10
left_child=1 2 9 5 -5 7 -6 8 -2 12 -11 -7 13 -1
right_child=3 -3 -4 4 6 11 -8 -9 -10 10 -12 -13 -14 -15
leaf_value=0.033661798864371248 0.022083500246356184 0.035384582452867727 0.034797255606539998 -0.0099809461947546821 0.065098394503207424 -0.021708338629648462 0.016305654482606857 0.039252207303343972 -0.027315355518719445 0.041521836460647631 -0.011608016111789587 0.017197645191938553 -0.017437875252473128 -0.011805770974277584
leaf_weight=16.296133533120155 30.003163859248161 18.991536229848862 14.719022855162619 23.212460324168205 35.10763131082058 43.055243656039238 18.77604553103447 32.885289132595062 17.140084996819496 16.864160642027855 25.898722946643829 19.23914498090744 280.27816079556942 47.104130581021309
leaf_count=99 179 110 88 145 199 269 108 199 106 103 162 116 1783 294
internal_value=0.000211649 -0.00761411 -0.00973266 0.0151633 0.0311327 0.00635577 0.0487032 0.0187493 0.00392901 -0.0115142 0.00981453 -0.00961065 -0.0141888 0.000222245
internal_weight=639.571 420.152 401.16 219.419 77.0961 142.323 53.8837 80.0285 47.1432 386.441 42.7629 62.2944 343.678 63.4003
internal_count=3960 2639 2529 1321 452 869 307 484 285 2441 265 385 2176 393
is_linear=0
shrinkage=0.03


Tree=5
num_leaves=15
num_cat=0
split_feature=17 22 20 6 3 22 14 17 6 4 14 28 28 21
split_gain=128.197 54.9486 39.8989 32.9044 30.5493 27.7234 42.3789 35.285 25.9338 26.3114 23.0886 19.6179 18.7718 16.0334
threshold=0.061667614976113123 2.0750000000000006 -0.15450242096030117 -1.5936911247450858 0.013118291356036199 1.1150000000000004 1.8750000000000002 0.038215106675599561 1.351661057310876 0.007569187100169193 3.6150000000000007 0.014541366524508997 0.012290817004600531 0.018973584851140229
decision_type=10 2 8 8 10 2 2 10 10 10 2 10 10 10
left_child=2 3 11 -2 13 6 7 -4 -8 -10 -7 -1 -9 -5
right_child=1 -3 5 4 -6 10 8 12 9 -11 -12 -13 -14 -15
leaf_value=0.0033855585465299627 -0.0091587243036180942 -0.0058471191394575857 -0.0081467577846674674 0.071979503724961175 0.02191050887042164 -0.021697042470351376 -0.015655483245008234 0.047439159632663014 -0.012511614257418924 0.043268669864167074 0.01593052607325934 0.051267957018758317 0.0071786119520426683 0.037427492626344518
leaf_weight=16.747402176260952 13.804812982678412 41.864293977618217 32.716108366847038 26.3822131305933 50.799274235963821 164.86768645048141 157.84335342049599 27.454381704330444 14.886708721518518 13.867512285709379 15.388561621308325 13.500886350870131 17.092612147331238 29.995878592133522
leaf_count=104 83 262 201 149 287 1065 1010 163 93 84 96 80 103 167
internal_value=0.000796521 0.0236794 -0.00709229 0.0338608 0.0394353 -0.00937944 -0.00316085 0.0153975 -0.0108863 0.01494 -0.0184146 0.0257139 0.032488 0.0545688
internal_weight=637.212 162.846 474.365 120.982 107.177 444.117 263.861 77.2631 186.598 28.7542 180.256 30.2483 44.547 56.3781
internal_count=3947 948 2999 686 603 2815 1654 467 1187 177 1161 184 266 316
is_linear=0
shrinkage=0.03


end of trees

feature_importances:
DGS10_lvl=10
T10Y2Y_lvl=10
DFF_vol_20d=9
dist_sma20=7
zscore_60d=6
DGS10_vol_20d=6
DFF_lvl=6
T10Y2Y_vol_20d=5
vol_60d=4
COPPER_vol_20d=4
DXY_vol_20d=3
DGS10_ret_20d=3
DFF_ret_20d=3
vol_20d=2
VIX_vol_20d=2
ret_20d=1
VIX_lvl=1
T10Y2Y_ret_20d=1
COPPER_ret_5d=1

parameters:
[boosting: gbdt]
[objective: binary]
[metric: binary_logloss]
[tree_learner: serial]
[device_type: cpu]
[data_sample_strategy: bagging]
[data: ]
[valid: ]
[num_iterations: 600]
[learning_rate: 0.03]
[num_leaves: 15]
[num_threads: 0]
[seed: 0]
[deterministic: 0]
[force_col_wise: 0]
[force_row_wise: 0]
[histogram_pool_size: -1]
[max_depth: -1]
[min_data_in_leaf: 80]
[min_sum_hessian_in_leaf: 0.001]
[bagging_fraction: 0.8]
[pos_bagging_fraction: 1]
[neg_bagging_fraction: 1]
[bagging_freq: 5]
[bagging_seed: 3]
[bagging_by_query: 0]
[feature_fraction: 0.8]
[feature_fraction_bynode: 1]
[feature_fraction_seed: 2]
[extra_trees: 0]
[extra_seed: 6]
[early_stopping_round: 0]
[early_stopping_min_delta: 0]
[first_metric_only: 0]
[max_delta_step: 0]
[lambda_l1: 0]
[lambda_l2: 1]
[linear_lambda: 0]
[min_gain_to_split: 0]
[drop_rate: 0.1]
[max_drop: 50]
[skip_drop: 0.5]
[xgboost_dart_mode: 0]
[uniform_drop: 0]
[drop_seed: 4]
[top_rate: 0.2]
[other_rate: 0.1]
[min_data_per_group: 100]
[max_cat_threshold: 32]
[cat_l2: 10]
[cat_smooth: 10]
[max_cat_to_onehot: 4]
[top_k: 20]
[monotone_constraints: ]
[monotone_constraints_method: basic]
[monotone_penalty: 0]
[feature_contri: ]
[forcedsplits_filename: ]
[refit_decay_rate: 0.9]
[cegb_tradeoff: 1]
[cegb_penalty_split: 0]
[cegb_penalty_feature_lazy: ]
[cegb_penalty_feature_coupled: ]
[path_smooth: 0]
[interaction_constraints: ]
[verbosity: -1]
[saved_feature_importance_type: 0]
[use_quantized_grad: 0]
[num_grad_quant_bins: 4]
[quant_train_renew_leaf: 0]
[stochastic_rounding: 1]
[linear_tree: 0]
[max_bin: 255]
[max_bin_by_feature: ]
[min_data_in_bin: 3]
[bin_construct_sample_cnt: 200000]
[data_random_seed: 1]
[is_enable_sparse: 1]
[enable_bundle: 1]
[use_missing: 1]
[zero_as_missing: 0]
[feature_pre_filter: 1]
[pre_partition: 0]
[two_round: 0]
[header: 0]
[label_column: ]
[weight_column: ]
[group_column: ]
[ignore_column: ]
[categorical_feature: ]
[forcedbins_filename: ]
[precise_float_parser: 0]
[parser_config_file: ]
[objective_seed: 5]
[num_class: 1]
[is_unbalance: 0]
[scale_pos_weight: 1]
[sigmoid: 1]
[boost_from_average: 1]
[reg_sqrt: 0]
[alpha: 0.9]
[fair_c: 1]
[poisson_max_delta_step: 0.7]
[tweedie_variance_power: 1.5]
[lambdarank_truncation_level: 30]
[lambdarank_norm: 1]
[label_gain: ]
[lambdarank_position_bias_regularization: 0]
[eval_at: ]
[multi_error_top_k: 1]
[auc_mu_weights: ]
[num_machines: 1]
[local_listen_port: 12400]
[time_out: 120]
[machine_list_filename: ]
[machines: ]
[gpu_platform_id: -1]
[gpu_device_id: -1]
[gpu_use_dp: 0]
[num_gpu: 1]

end of parameters

pandas_categorical:[]
