tree
version=v4
num_class=1
num_tree_per_iteration=1
label_index=0
max_feature_idx=28
objective=binary sigmoid:1
feature_names=ret_1d ret_5d ret_20d vol_20d vol_60d dist_sma20 zscore_60d DXY_ret_5d DXY_ret_20d DXY_vol_20d VIX_lvl VIX_ret_5d VIX_ret_20d VIX_vol_20d DGS10_lvl DGS10_ret_5d DGS10_ret_20d DGS10_vol_20d DFF_lvl DFF_ret_5d DFF_ret_20d DFF_vol_20d T10Y2Y_lvl T10Y2Y_ret_5d T10Y2Y_ret_20d T10Y2Y_vol_20d BRENT_ret_5d BRENT_ret_20d BRENT_vol_20d
feature_infos=[-0.10589047743727331:0.10657144443668987] [-0.10145285281411365:0.12789268759543582] [-0.11952048408866478:0.20562866347565212] [0.00031483210175603819:0.040451709115400747] [0.00099258323607229627:0.025736691424419981] [-0.07378557317470158:0.14254904830952667] [-5.9609592715878792:4.8573078925593567] [-0.079974460780886325:0.052918397191728417] [-0.10161625382829964:0.11629473925670908] [0.0012965675371935925:0.01288712818343282] [9.1400000000000006:82.689999999999998] [-0.55909291210651668:1.1407237740182365] [-0.76225097212909132:1.7991637635396711] [0.21885828147095893:10.231592920176725] [0.52000000000000002:5.2599999999999998] [-0.71149631922814183:0.36396537720141164] [-1.0608719606852626:0.36412376795172297] [0.015861240410776269:0.14514149176434346] [0.040000000000000001:5.4100000000000001] [-1.9924301646902063:1.4170660197866445] [-3.0910424533583156:1.5040773967762742] [0:0.61974082019060694] [-1.0800000000000001:2.9100000000000001] [-2.4849066497879999:2.3978952727983707] [-3.1354942159291492:3.0910424533583152] [0.0085069630922340617:0.13247045350806183] [-0.8686840776068232:0.53680111016925114] [-1.2578486197194674:1.287854288306638] [0.0051420499435602838:0.21913587910708232]
tree_sizes=1694 1764 1760 1760 1762 1767 1771 1752 1757 1763 1752 1760 1763 1761

Tree=0
num_leaves=15
num_cat=0
split_feature=4 9 4 6 5 25 6 4 10 17 24 2 18 16
split_gain=123.172 63.4754 49.1266 43.3084 26.7711 26.7666 18.8902 18.8408 17.5051 14.5163 18.4494 13.3146 12.951 18.3238
threshold=0.011457935559645581 0.0037536332114177454 0.0049247044373816355 1.0019021020203447 0.032531041854760433 0.059456951650983796 0.17485951294015309 0.014478408850566523 24.465000000000003 0.054100296501980123 -0.012232682842816226 0.0015579897435342718 4.5750000000000011 0.02298951822469875
decision_type=8 10 10 10 10 10 10 8 2 10 8 10 2 10
left_child=2 6 -1 5 8 7 -2 11 12 10 -9 -3 -4 -14
right_child=1 3 4 -5 -6 -7 -8 9 -10 -11 -12 -13 13 -15
leaf_value=-1.2167167245033881 -1.201767146556995 -1.175536576258053 -1.1974839887953117 -1.138234426594845 -1.1546310828012185 -1.1399122802372776 -1.1699683307590312 -1.1719826146647001 -1.1759586193179901 -1.1815304773971391 -1.133405658888625 -1.2016027589008882 -1.1974441307955122 -1.1552034570793848
leaf_weight=73.034811839461327 56.166820898652077 54.910693913698196 227.0000908523798 54.372353777289391 17.585777789354324 23.686966001987457 22.969179153442383 23.32807257771492 52.218993231654167 23.866412714123726 21.892498880624771 24.763646274805069 19.38024491071701 15.970757380127905
leaf_count=407 313 306 1265 303 98 132 128 130 291 133 122 138 108 89
internal_value=-1.18377 -1.16943 -1.19461 -1.16138 -1.18966 -1.1689 -1.19248 -1.17378 -1.19171 -1.16243 -1.15262 -1.18376 -1.19486 -1.1781
internal_weight=711.147 305.957 405.191 226.821 332.156 172.448 79.136 148.761 314.57 69.087 45.2206 79.6743 262.351 35.351
internal_count=3963 1705 2258 1264 1851 961 441 829 1753 385 252 444 1462 197
is_linear=0
shrinkage=1


Tree=1
num_leaves=15
num_cat=0
split_feature=3 4 6 28 5 22 10 16 20 6 6 17 13 5
split_gain=155.673 70.2866 41.5885 36.5846 20.5293 18.6609 16.3565 14.8756 11.5264 10.0311 12.7244 11.9102 10.0847 9.71777
threshold=0.0053042468078670609 0.011710334923984706 1.0019021020203447 0.027122201032712085 0.032531041854760433 -0.64499999999999991 24.465000000000003 0.040361875406977395 -0.016667098788067377 -1.6811855789738783 0.060502657119355305 0.059802304430489651 0.97655069933921623 -0.0011676895745706328
decision_type=8 8 10 10 10 2 2 10 8 10 10 10 10 10
left_child=-1 4 3 7 5 -2 9 -3 -8 -7 -11 12 -12 -9
right_child=1 2 -4 -5 -6 6 8 13 -10 10 11 -13 -14 -15
leaf_value=-0.030481191131869249 0.023095049002069067 -0.0017723142960739667 0.037580109794795119 0.033442556122388702 0.026639482472483954 0.0090301372472094583 -0.014245215921575094 0.031020261677414132 0.01607614081634522 -0.020287229456963769 0.005324214919704558 0.018985283101257831 -0.016869477544355905 0.0027592236495870351
leaf_weight=123.69715376198292 18.390071421861649 118.62532380223274 67.964266166090965 47.734118312597275 18.209648907184601 19.774621397256851 14.960113123059271 23.86819164454937 38.203313171863556 103.2554495036602 26.912037387490273 14.648682028055189 54.850894540548325 19.94659423828125
leaf_count=698 102 660 371 263 100 111 83 132 212 579 151 82 308 111
internal_value=-3.33327e-05 0.00642003 0.0173343 0.0106405 -0.00342192 -0.00538786 -0.00738672 0.00377631 0.00743828 -0.0109958 -0.0130142 -0.00509663 -0.00958842 0.0185031
internal_weight=711.04 587.343 278.138 210.174 309.205 290.995 272.605 162.44 53.1634 219.442 199.667 96.4116 81.7629 43.8148
internal_count=3963 3265 1537 1166 1728 1628 1526 903 295 1231 1120 541 459 243
is_linear=0
shrinkage=0.03


Tree=2
num_leaves=15
num_cat=0
split_feature=3 4 25 6 5 22 27 22 2 4 13 13 20 13
split_gain=148.561 65.4826 39.4559 31.048 19.1952 17.5112 12.1186 11.968 11.9614 13.3613 10.6647 10.8881 12.9346 18.3181
threshold=0.0053042468078670609 0.011710334923984706 0.051333532295025082 1.3408125222095186 0.032531041854760433 -0.64499999999999991 0.16159183386985346 0.99500000000000011 -0.066437623954254552 0.021515893462848389 0.68411056705143036 0.98090499197110037 -0.0093678013840383084 1.2923270798719542
decision_type=8 8 10 10 10 2 10 2 10 8 10 10 10 10
left_child=-1 4 3 6 5 -2 8 -5 -3 -10 -7 -12 -13 -14
right_child=1 2 -4 7 -6 10 -8 -9 9 -11 11 12 13 -15
leaf_value=-0.030072938448301095 0.022177967196833796 -0.021134400875093124 0.040121580068337097 0.015982294460091865 0.025541365114287593 -0.020045682544624806 0.031730303576787029 0.052236042488279087 0.0025317731088596142 0.024806765857255542 0.0096220425301146301 -0.019888534276094685 -0.019071847700276871 0.0049941989669920108
leaf_weight=121.65964032709599 18.61385715007782 14.408810615539549 51.690464109182358 15.828606620430945 18.461818814277649 46.993392586708069 14.693920046091078 19.280825540423393 136.12514340877533 28.56461563706398 39.868888765573502 52.86473636329174 40.102387338876724 91.688201531767845
leaf_count=698 102 80 279 85 100 265 80 103 753 157 224 298 226 513
internal_value=-3.16069e-05 0.00621201 0.016674 0.0112276 -0.0033238 -0.00524199 0.00643192 0.0367868 0.00419168 0.00652166 -0.00719625 -0.00442987 -0.0074993 -0.0024173
internal_weight=710.845 589.186 280.592 228.902 308.593 290.131 193.792 35.1094 179.099 164.69 271.518 224.524 184.655 131.791
internal_count=3963 3265 1537 1258 1728 1628 1070 188 990 910 1526 1261 1037 739
is_linear=0
shrinkage=0.03


Tree=3
num_leaves=15
num_cat=0
split_feature=9 5 14 10 21 28 13 22 2 6 1 1 2 1
split_gain=92.3339 37.3643 38.4879 37.094 30.207 26.6773 23.0769 18.3824 18.6892 15.187 14.0562 10.8571 22.0379 9.35565
threshold=0.0056341337854314234 0.035864830868756796 4.8350000000000009 18.145000000000003 0.0098340395201285489 0.021647057098804778 1.2923270798719542 -0.52499999999999991 0.036107030762918331 1.0603567594495689 -0.03064563040350787 0.0050456952052493351 -0.014436482739387467 0.013088753092048046
decision_type=10 10 2 2 10 10 10 2 10 8 10 10 8 10
left_child=1 2 3 7 -2 9 -6 -1 10 -5 -9 -12 -13 -7
right_child=4 -3 -4 5 6 13 -8 8 -10 -11 11 12 -14 -15
leaf_value=0.016242462593165658 -0.00028885491185427862 0.029214485195787079 0.032466008792972428 -0.011840228511987233 0.0031719758727190117 0.021603498812455695 0.040624629042322231 0.0099302194475892856 0.0072668852153618289 0.01429502177640871 -0.022871569231211746 0.020741574863132533 -0.017716305582886699 -0.004739788001068247
leaf_weight=16.356246888637543 34.615723729133606 26.443942725658417 20.805657938122749 95.294690519571304 18.974962010979652 59.191669464111328 69.418806180357933 15.017897561192511 28.782350167632103 24.35598212480545 208.70583787560463 16.163277477025986 61.628977552056313 14.796987548470495
leaf_count=89 192 141 114 536 105 327 370 83 159 135 1192 90 349 81
internal_value=-2.97447e-05 -0.00498684 -0.00664782 -0.00821121 0.0234967 0.00230061 0.0327103 -0.0140728 -0.0156185 -0.00644577 -0.0178199 -0.019304 -0.00956389 0.0163422
internal_weight=710.553 587.544 561.1 540.294 123.009 193.639 88.3938 346.655 330.298 119.651 301.516 286.498 77.7923 73.9887
internal_count=3963 3296 3155 3041 667 1079 475 1962 1873 671 1714 1631 439 408
is_linear=0
shrinkage=0.03


Tree=4
num_leaves=15
num_cat=0
split_feature=3 4 6 28 5 22 10 16 20 6 6 5 20 28
split_gain=137.842 58.2611 33.29 30.5354 16.9261 15.821 14.7845 13.3627 10.1484 9.46212 12.07 8.62691 8.37923 12.1893
threshold=0.0053042468078670609 0.011710334923984706 1.0019021020203447 0.027122201032712085 0.032531041854760433 -0.64499999999999991 24.465000000000003 0.040361875406977395 -0.016667098788067377 -1.6811855789738783 0.060502657119355305 -0.0011676895745706328 0.017110699076050343 0.022249907093146008
decision_type=8 8 10 10 10 2 2 10 10 10 10 10 10 10
left_child=-1 4 3 7 5 -2 9 12 -8 -7 -11 -9 13 -3
right_child=1 2 -4 -5 -6 6 8 11 -10 10 -12 -13 -14 -15
leaf_value=-0.029432256748110897 0.020842676563429832 -0.014786688537270738 0.033309159435728743 0.030018670516318863 0.023621988595225771 0.009085648054715123 -0.013461892798944232 0.02871367175698579 0.015129881032000926 -0.019523077050614179 -0.0046190283229019281 0.0023126432499644793 0.0095631308684713343 0.010356626694756255
leaf_weight=118.41680397093296 18.943772628903389 57.331740379333496 71.109383672475815 49.599160939455032 18.909550115466118 19.755193889141083 14.6663222014904 24.522367566823959 38.713427349925041 101.01549878716469 95.481951475143433 20.10197389125824 37.778737962245941 23.873367622494698
leaf_count=698 102 321 371 263 100 111 83 132 212 579 541 111 208 131
internal_value=-2.6874e-05 0.00589672 0.0156611 0.0096471 -0.00315343 -0.00498346 -0.00686826 0.00332644 0.00717107 -0.0103508 -0.012341 0.0171321 -0.00195095 -0.00735878
internal_weight=710.219 591.802 284.317 213.207 307.486 288.576 269.632 163.608 53.3797 216.253 196.497 44.6243 118.984 81.2051
internal_count=3963 3265 1537 1166 1728 1628 1526 903 295 1231 1120 243 660 452
is_linear=0
shrinkage=0.03


Tree=5
num_leaves=15
num_cat=0
split_feature=3 9 2 12 11 14 13 8 11 11 24 8 1 3
split_gain=130.87 57.1125 35.7206 23.9532 24.391 20.8234 24.0357 19.2201 13.0396 12.5786 13.8667 18.7503 16.6073 16.3135
threshold=0.0053042468078670609 0.0072735959759450174 0.038263809373543463 -0.081847988487581111 -0.0026922943853751042 4.8350000000000009 0.58154635960868417 0.0263242801129322 -0.026783154248553039 -0.13193093981691392 0.085441011194659411 -0.02061176191800795 -0.003829138188444325 0.011269363112206542
decision_type=8 10 10 10 10 2 10 10 10 10 8 10 10 10
left_child=-1 2 5 -4 -5 6 -2 9 -9 -8 13 -12 -13 -11
right_child=1 -3 3 4 -6 -7 7 8 -10 10 11 12 -14 -15
leaf_value=-0.029241134110072411 -0.019777665050252798 0.037402460076635495 0.048339685661650623 -0.010878950942451096 0.025953350641327207 0.029373388798263636 -0.014382056655624656 0.0020532084331942296 0.040841716830750087 -0.010410463364203938 0.033385423851633768 -0.011447687153796638 0.015644772918079943 0.0072032809161044018
leaf_weight=115.62442000210285 57.627149626612663 45.614296227693558 20.102428585290909 26.208752676844597 39.496471136808395 19.04670837521553 53.751293525099754 14.444365486502649 16.24559098482132 118.19730462133884 22.990145459771156 37.056599572300911 42.858752757310867 77.588679015636444
leaf_count=693 328 236 106 141 209 102 300 80 88 670 126 206 238 426
internal_value=-0.00019365 0.00552684 0.00279844 0.0204487 0.0113187 -0.000532623 -0.00188853 0.000846667 0.0232266 -0.00116233 0.00125669 0.010119 0.00309583 -0.00342912
internal_weight=706.853 591.229 545.614 85.8077 65.7052 459.807 440.76 383.133 30.69 352.443 298.691 102.905 79.9154 195.786
internal_count=3949 3256 3020 456 350 2564 2462 2134 168 1966 1666 570 444 1096
is_linear=0
shrinkage=0.03


Tree=6
num_leaves=15
num_cat=0
split_feature=3 9 2 12 11 8 11 22 0 28 12 0 26 16
split_gain=125.012 52.6508 33.297 21.781 22.7005 17.7563 13.206 13.3102 13.0399 12.6529 16.2525 16.107 14.6353 12.8887
threshold=0.0053042468078670609 0.0072735959759450174 0.038263809373543463 -0.081847988487581111 -0.0026922943853751042 0.02963136057934879 -0.13193093981691392 -0.42499999999999993 0.01527487675705297 0.023318463340420384 0.025980548459770606 -0.015471147112823045 0.025334109543517783 0.096872186849472866
decision_type=8 10 10 10 10 10 8 2 8 10 10 10 10 10
left_child=-1 2 5 -4 -5 6 -2 -8 9 11 12 -9 -11 -13
right_child=1 -3 3 4 -6 -7 7 8 -10 10 -12 13 -14 -15
leaf_value=-0.028861170531746187 -0.01487273160123824 0.035679056365758702 0.045914229829935808 -0.010621612877566473 0.02488046122045701 0.023752208365717363 0.020199223224817289 0.018472979445355444 0.018589734472493725 -0.015077143394951 0.025964909918503729 -0.011326288616016795 0.017557552012457192 0.011048032276488085
leaf_weight=113.67503526806831 60.10319684445858 46.418698713183403 20.574772238731384 26.064858749508858 39.998890608549118 24.63330166041851 26.660642400383949 20.467936620116234 26.061971113085747 31.321485221385956 26.594397112727165 199.26468105614185 19.049777060747147 25.398530468344688
leaf_count=693 338 236 106 141 209 133 144 114 144 172 145 1130 103 141
internal_value=-0.000186021 0.0053538 0.00271609 0.0196624 0.0109239 -0.000514503 -0.00194026 0.000167545 -0.00141986 -0.00309143 0.0074545 -0.00641945 -0.00263359 -0.00875909
internal_weight=706.288 592.613 546.194 86.6385 66.0637 459.556 434.923 374.819 348.159 322.097 76.9657 245.131 50.3713 224.663
internal_count=3949 3256 3020 456 350 2564 2431 2093 1949 1805 420 1385 275 1271
is_linear=0
shrinkage=0.03


Tree=7
num_leaves=15
num_cat=0
split_feature=3 4 6 8 28 1 28 25 25 5 5 9 4 11
split_gain=119.442 49.7336 37.8433 20.5113 16.837 19.6135 19.9579 13.2821 14.4261 12.2882 12.128 12.0214 11.0246 9.48446
threshold=0.0053042468078670609 0.01125210649829513 0.98388310941231605 0.024060707201373436 0.025861532549671617 0.00035896591340112144 0.017618232186284808 0.051333532295025082 0.037173136876824782 0.0073422750113058856 -0.020030255986122087 0.0041091229263850821 0.017270870399839693 -0.03474007492644015
decision_type=8 8 10 10 10 10 8 10 10 8 8 10 8 10
left_child=-1 3 4 -2 5 10 9 8 -6 -7 -3 -4 -13 -5
right_child=1 2 11 13 7 6 -8 -9 -10 -11 -12 12 -14 -15
leaf_value=-0.028487753543837528 -0.0065734874510962283 0.0091519952219135756 0.0083203361044457379 0.00072475349770968766 0.025242363547702568 0.05177587525706568 0.00055188867373699962 0.042383102790685093 -0.0096229040475286076 0.012440471939815057 -0.013047873771592349 0.048422317699654806 0.021024264168452534 0.033052254335756447
leaf_weight=111.75246328115463 256.7055361866951 31.76045548915863 16.436445817351341 14.900393232703207 25.735533237457275 14.551750332117079 38.945296362042427 17.336458712816238 17.080011606216431 14.770029410719873 68.054357886314392 35.861492767930031 24.554893970489502 17.20103120803833
leaf_count=693 1454 173 86 82 136 80 214 86 91 81 379 180 122 92
internal_value=-0.000177487 0.00518856 0.0136156 -0.00372978 0.00741727 0.0024973 0.0147752 0.0208994 0.0114317 0.0330255 -0.0059633 0.0316914 0.0378106 0.0185221
internal_weight=705.646 593.894 305.087 288.807 228.234 168.082 68.2671 60.152 42.8155 29.3218 99.8148 76.8528 60.4164 32.1014
internal_count=3949 3256 1628 1628 1240 927 375 313 227 161 552 388 302 174
is_linear=0
shrinkage=0.03


Tree=8
num_leaves=15
num_cat=0
split_feature=10 1 14 24 16 2 5 13 28 8 14 15 25 1
split_gain=64.5796 42.6312 41.1241 24.2689 21.6613 18.785 19.9803 16.453 15.8311 14.2172 13.7113 10.8857 9.91856 9.89658
threshold=24.335000000000004 0.020254830475364475 4.8350000000000009 -0.30655223644320434 -0.12458615979173758 0.038263809373543463 -0.017283163037156535 0.87415479557244313 0.02932244594878675 0.026752287738754269 2.4450000000000007 0.020231946228670753 0.047410580145734925 -0.016224036817905404
decision_type=2 8 2 10 8 10 8 8 10 10 2 10 10 10
left_child=1 2 4 -2 -1 6 11 -3 13 12 -7 -6 -8 -5
right_child=3 7 -4 8 5 10 9 -9 -10 -11 -12 -13 -14 -15
leaf_value=0.017375735277557456 0.045186289654418059 0.035901951212274727 0.034326384334272098 -0.015837665256624413 -0.0080765962064441206 0.026300166917726533 -0.020067966367885055 0.0061099175661045845 0.026267268068585137 0.0063334059071456046 -0.011148182097755983 0.014038812647520526 -0.0018237243518940591 0.0094589233317987562
leaf_weight=24.081113994121552 23.111356571316719 24.321358263492584 18.817971661686897 16.960049763321877 55.50156632065773 18.892124891281128 270.31549194455147 50.48348143696785 43.81793138384819 22.280001953244209 14.998763322830198 30.033675938844681 29.994757130742073 61.312594085931778
leaf_count=135 118 129 99 92 314 99 1598 270 219 126 81 166 171 332
internal_value=-0.000167511 -0.00479733 -0.00805409 0.0175901 -0.00983496 -0.0113533 -0.0131366 0.0161421 0.0120416 -0.0165451 0.0098825 -0.000238797 -0.0182578 0.00384704
internal_weight=704.922 559.72 484.915 145.202 466.097 442.016 408.125 74.8048 122.091 322.59 33.8909 85.5352 300.31 78.2726
internal_count=3949 3188 2789 761 2690 2555 2375 399 643 1895 180 480 1769 424
is_linear=0
shrinkage=0.03


Tree=9
num_leaves=15
num_cat=0
split_feature=3 9 5 14 13 11 27 3 26 17 3 24 24 7
split_gain=111.59 43.4808 30.117 20.592 21.4973 16.7536 16.8742 12.9901 17.1647 15.6627 17.1373 12.3507 10.8324 9.90943
threshold=0.0053042468078670609 0.0072735959759450174 0.036560402512074437 4.8350000000000009 0.58154635960868417 -0.12281194491726886 0.17929430449220798 0.011789753701672004 -0.043075604632622826 0.058055100326469343 0.010547610933766645 0.13799140650236527 0.22314355131420979 0.0046922270237597105
decision_type=8 10 10 2 10 10 10 8 10 10 10 8 10 10
left_child=-1 2 3 4 -2 -6 7 9 -9 11 -11 -7 -13 -10
right_child=1 -3 -4 -5 5 6 -8 8 13 10 -12 12 -14 -15
leaf_value=-0.027936854946159263 -0.017520712545589855 0.031993630422971174 0.029150605133592817 0.026738929121482412 -0.011197369626572692 -0.011171703476018072 0.031661383116240449 0.031459845898919057 0.011199609056091733 0.021829194998074591 -0.010335387797032731 0.024515089566379451 -0.0089777959309042671 -0.0097402557287807369
leaf_weight=108.90042664110661 59.076684206724167 48.143746450543404 34.750317648053169 24.895441249012947 74.514246255159378 120.76437585055828 18.285164713859558 26.722359031438828 61.550312995910645 42.156546533107758 22.036487698554993 17.919780269265175 15.330829948186873 29.237572535872459
leaf_count=693 342 236 173 128 419 690 96 141 334 231 122 99 87 158
internal_value=-0.000158728 0.00496044 0.00252816 0.000669719 -0.000713316 0.0016392 0.0043651 0.00278877 0.0107852 -0.00154706 0.0107984 -0.00672909 0.0092613 0.00442343
internal_weight=704.284 595.384 547.24 512.49 487.594 428.518 354.003 335.718 117.51 218.208 64.193 154.015 33.2506 90.7879
internal_count=3949 3256 3020 2847 2719 2377 1958 1862 633 1229 353 876 186 492
is_linear=0
shrinkage=0.03


Tree=10
num_leaves=15
num_cat=0
split_feature=3 4 6 28 6 16 8 17 14 26 22 13 23 14
split_gain=124.4 51.4407 23.824 19.9844 18.3204 13.7867 13.4617 12.5158 12.2871 11.8532 11.4008 11.0811 12.0624 10.5834
threshold=0.0053042468078670609 0.01125210649829513 0.98388310941231605 0.025980885498757541 -0.93490654722269451 0.096872186849472866 0.012827867088291535 0.058376048206526539 4.7650000000000006 -0.053932905671297597 1.6850000000000003 0.61852264372888877 0.021506205220963668 4.0150000000000006
decision_type=8 8 10 10 10 10 10 10 2 10 2 10 10 2
left_child=-1 7 3 5 -5 8 -6 10 11 -4 -2 -3 -13 -9
right_child=1 2 9 4 6 -7 -8 13 -10 -11 -12 12 -14 -15
leaf_value=-0.028673102531431148 -0.004033104891240577 -0.018883541632077856 0.045307095599690941 0.0470014761451788 0.025542810570645173 0.030305103469249958 -0.0089515583981472028 0.011493776998455099 0.023908747125474847 0.019847245040149349 -0.02288130778107389 0.0078484305077744232 -0.015609095180927582 -0.014712439041385755
leaf_weight=110.43569302558899 168.3031520396471 26.637816905975342 25.448903903365135 19.871727883815765 24.728972569108009 15.256787136197088 16.178216546773911 68.869385585188866 17.874647676944733 52.559849247336388 34.040786132216454 83.419273599982262 24.763866171240807 16.394696146249771
leaf_count=715 964 153 123 101 125 80 83 375 95 259 198 458 138 91
internal_value=0.000418742 0.00586337 0.0143894 0.00943216 0.0240279 0.00403925 0.0120127 -0.00324818 0.00123476 0.0286214 -0.00730091 -0.00192527 0.00238506 0.00634267
internal_weight=704.784 594.348 306.74 228.731 60.7789 167.952 40.9072 287.608 152.696 78.0088 202.344 134.821 108.183 85.2641
internal_count=3958 3243 1615 1233 309 924 208 1628 844 382 1162 749 596 466
is_linear=0
shrinkage=0.03


Tree=11
num_leaves=15
num_cat=0
split_feature=3 4 9 6 4 22 6 4 6 27 27 21 23 6
split_gain=118.846 48.143 23.3434 18.3497 14.7548 12.3854 13.0401 16.7617 12.0548 20.0553 12.4734 12.1885 11.7948 9.88281
threshold=0.0053042468078670609 0.01125210649829513 0.003888311830387832 0.98388310941231605 0.016211559724293795 -0.64499999999999991 0.043625319679844669 0.0073902234928448253 -0.84224530802105513 0.050071317094359198 0.050760822037987381 0.025965562262348446 -0.068853382017501505 0.17485951294015309
decision_type=8 8 10 8 10 2 10 10 10 10 10 10 8 10
left_child=-1 5 13 4 8 -2 7 -7 9 -4 11 -10 -9 -3
right_child=1 2 3 -5 -6 6 -8 12 10 -11 -12 -13 -14 -15
leaf_value=-0.028324727968601266 0.021148432790580485 -0.0092310965058983833 -0.0015266110848480082 0.029635266808793879 0.031061273457308494 0.017677511817785759 0.0018705598132911128 0.0046865942602397816 -0.0032105173936535602 0.035588957324164519 -0.016569762135654524 0.028540813485846361 -0.019415576254177464 0.013379125601248163
leaf_weight=108.48213921487331 16.737627819180489 46.409110099077225 24.39788630604744 84.297819584608078 28.778647094964981 15.116733968257902 134.74930691719055 21.964437901973724 27.941661566495895 27.105286732316017 26.525926813483238 16.639480903744698 98.511865094304085 26.489640742540359
leaf_count=715 88 261 133 413 143 87 752 126 151 142 144 89 575 139
internal_value=0.0004074 0.00567878 0.0138858 0.0184577 0.01208 -0.00316058 -0.00473802 -0.0112711 0.00740954 0.0183125 -0.000631986 0.00900652 -0.015019 -0.000945222
internal_weight=704.148 595.665 308.585 235.687 151.389 287.08 270.342 135.593 122.61 51.5032 71.1071 44.5811 120.476 72.8988
internal_count=3958 3243 1615 1215 802 1628 1540 788 659 275 384 240 701 400
is_linear=0
shrinkage=0.03


Tree=12
num_leaves=15
num_cat=0
split_feature=3 4 9 21 22 10 21 9 27 24 9 7 4 10
split_gain=113.555 45.0177 21.7833 14.2133 11.6159 11.1914 11.0731 11.0061 9.40839 12.6871 10.8011 9.94085 9.09943 9.01694
threshold=0.0053042468078670609 0.01125210649829513 0.0037536332114177454 0.012182817926548278 -0.64499999999999991 24.465000000000003 0.055750855551612535 0.0044858125221988966 -0.098851339795380064 -0.012877196944750034 0.0055689081767672675 0.0080223163801727022 0.017675691984826245 13.585000000000003
decision_type=8 8 10 10 2 2 10 10 8 8 10 10 8 2
left_child=-1 4 13 7 -2 6 -6 -4 12 10 -10 -11 -5 -3
right_child=1 2 3 8 5 -7 -8 -9 9 11 -12 -13 -14 -15
leaf_value=-0.027981436522902272 0.020349001754612947 -0.013253653838365452 0.023824116572862278 0.043944685606794605 -0.0052110745158631374 0.0067836451120918302 -0.025937449107457062 -0.0040144147025722625 -0.0033235550530374054 0.029858696282334819 0.025366177602126765 0.0050175249281789371 0.016506706792245984 0.0088004440918463735
leaf_weight=106.56013937294483 16.909923866391182 31.77070064842701 17.369685128331184 27.944350257515907 184.30738247931004 59.595603629946709 25.705699190497398 41.294476166367531 37.19957646727562 66.14811110496521 16.176343187689781 19.073778748512268 20.363511428236961 33.026448220014572
leaf_count=715 88 179 92 136 1070 321 149 218 203 336 81 95 97 178
internal_value=0.000396723 0.00550132 0.0133989 0.0174671 -0.00307048 -0.00460912 -0.00785889 0.00448936 0.0214949 0.0172955 0.00567788 0.0244216 0.0329479 -0.00204999
internal_weight=703.446 596.886 310.367 245.57 286.519 269.609 210.013 58.6642 186.906 138.598 53.3759 85.2219 48.3079 64.7971
internal_count=3958 3243 1615 1258 1628 1540 1219 310 948 715 284 431 233 357
is_linear=0
shrinkage=0.03


Tree=13
num_leaves=15
num_cat=0
split_feature=3 4 9 6 4 24 6 17 9 15 3 4 23 6
split_gain=108.511 42.1362 20.3395 16.4488 13.2379 13.1956 12.4405 11.5037 12.5825 10.3893 10.1676 14.5688 13.1483 9.25828
threshold=0.0053042468078670609 0.01125210649829513 0.003888311830387832 0.98388310941231605 0.016211559724293795 0.16311426352007632 -0.80526603701308053 0.058376048206526539 0.0038281272036977385 0.014598799421152582 0.0080859321696473193 0.0096393968859191988 0.034989289405855224 0.17485951294015309
decision_type=8 8 10 8 10 8 10 10 10 10 10 10 8 10
left_child=-1 7 13 4 5 6 -4 8 -2 -5 -9 -12 -13 -3
right_child=1 2 3 9 -6 -7 -8 10 -10 -11 11 12 -14 -15
leaf_value=-0.027642866937660639 -0.0012754968706433301 -0.0090080660944798531 0.012332595170205967 0.035814625781715674 0.028899396927149712 0.023585129830553574 -0.0093367644172167637 0.025612762935214761 -0.016905440925574007 0.013817426931929855 -0.015151829720144547 0.03037025788456502 -0.0040002190932148995 0.01284905172943219
leaf_weight=104.67029300332069 129.09204310178757 46.171116456389427 44.810581266880035 52.911816343665123 29.419751405715942 30.276609748601913 48.738732621073723 17.936430588364601 71.484920501708984 33.081813514232635 28.769221365451813 18.303400725126266 20.397941201925278 26.678807452321053
leaf_count=715 745 261 238 254 143 155 266 97 417 159 158 98 113 139
internal_value=0.000386615 0.00533008 0.012935 0.0171458 0.0111338 0.00671517 0.00106362 -0.00298523 -0.00690219 0.0276084 0.0061871 0.00072432 0.0126105 -0.000938039
internal_weight=702.743 598.073 312.089 239.239 153.246 123.826 93.5493 285.984 200.577 85.9936 85.407 67.4706 38.7013 72.8499
internal_count=3958 3243 1615 1215 802 659 504 1628 1162 413 466 369 211 400
is_linear=0
shrinkage=0.03


end of trees

feature_importances:
zscore_60d=20
vol_60d=18
vol_20d=15
DXY_vol_20d=12
dist_sma20=11
VIX_vol_20d=9
T10Y2Y_lvl=9
BRENT_vol_20d=9
ret_5d=7
ret_20d=7
VIX_lvl=7
VIX_ret_5d=7
DGS10_lvl=7
T10Y2Y_ret_20d=7
DXY_ret_20d=6
DGS10_ret_20d=6
DGS10_vol_20d=5
T10Y2Y_vol_20d=5
BRENT_ret_20d=5
DFF_ret_20d=4
DFF_vol_20d=4
VIX_ret_20d=3
T10Y2Y_ret_5d=3
BRENT_ret_5d=3
ret_1d=2
DXY_ret_5d=2
DGS10_ret_5d=2
DFF_lvl=1

parameters:
[boosting: gbdt]
[objective: binary]
[metric: binary_logloss]
[tree_learner: serial]
[device_type: cpu]
[data_sample_strategy: bagging]
[data: ]
[valid: ]
[num_iterations: 600]
[learning_rate: 0.03]
[num_leaves: 15]
[num_threads: 0]
[seed: 0]
[deterministic: 0]
[force_col_wise: 0]
[force_row_wise: 0]
[histogram_pool_size: -1]
[max_depth: -1]
[min_data_in_leaf: 80]
[min_sum_hessian_in_leaf: 0.001]
[bagging_fraction: 0.8]
[pos_bagging_fraction: 1]
[neg_bagging_fraction: 1]
[bagging_freq: 5]
[bagging_seed: 3]
[bagging_by_query: 0]
[feature_fraction: 0.8]
[feature_fraction_bynode: 1]
[feature_fraction_seed: 2]
[extra_trees: 0]
[extra_seed: 6]
[early_stopping_round: 0]
[early_stopping_min_delta: 0]
[first_metric_only: 0]
[max_delta_step: 0]
[lambda_l1: 0]
[lambda_l2: 1]
[linear_lambda: 0]
[min_gain_to_split: 0]
[drop_rate: 0.1]
[max_drop: 50]
[skip_drop: 0.5]
[xgboost_dart_mode: 0]
[uniform_drop: 0]
[drop_seed: 4]
[top_rate: 0.2]
[other_rate: 0.1]
[min_data_per_group: 100]
[max_cat_threshold: 32]
[cat_l2: 10]
[cat_smooth: 10]
[max_cat_to_onehot: 4]
[top_k: 20]
[monotone_constraints: ]
[monotone_constraints_method: basic]
[monotone_penalty: 0]
[feature_contri: ]
[forcedsplits_filename: ]
[refit_decay_rate: 0.9]
[cegb_tradeoff: 1]
[cegb_penalty_split: 0]
[cegb_penalty_feature_lazy: ]
[cegb_penalty_feature_coupled: ]
[path_smooth: 0]
[interaction_constraints: ]
[verbosity: -1]
[saved_feature_importance_type: 0]
[use_quantized_grad: 0]
[num_grad_quant_bins: 4]
[quant_train_renew_leaf: 0]
[stochastic_rounding: 1]
[linear_tree: 0]
[max_bin: 255]
[max_bin_by_feature: ]
[min_data_in_bin: 3]
[bin_construct_sample_cnt: 200000]
[data_random_seed: 1]
[is_enable_sparse: 1]
[enable_bundle: 1]
[use_missing: 1]
[zero_as_missing: 0]
[feature_pre_filter: 1]
[pre_partition: 0]
[two_round: 0]
[header: 0]
[label_column: ]
[weight_column: ]
[group_column: ]
[ignore_column: ]
[categorical_feature: ]
[forcedbins_filename: ]
[precise_float_parser: 0]
[parser_config_file: ]
[objective_seed: 5]
[num_class: 1]
[is_unbalance: 0]
[scale_pos_weight: 1]
[sigmoid: 1]
[boost_from_average: 1]
[reg_sqrt: 0]
[alpha: 0.9]
[fair_c: 1]
[poisson_max_delta_step: 0.7]
[tweedie_variance_power: 1.5]
[lambdarank_truncation_level: 30]
[lambdarank_norm: 1]
[label_gain: ]
[lambdarank_position_bias_regularization: 0]
[eval_at: ]
[multi_error_top_k: 1]
[auc_mu_weights: ]
[num_machines: 1]
[local_listen_port: 12400]
[time_out: 120]
[machine_list_filename: ]
[machines: ]
[gpu_platform_id: -1]
[gpu_device_id: -1]
[gpu_use_dp: 0]
[num_gpu: 1]

end of parameters

pandas_categorical:[]
