tree
version=v4
num_class=1
num_tree_per_iteration=1
label_index=0
max_feature_idx=28
objective=binary sigmoid:1
feature_names=ret_1d ret_5d ret_20d vol_20d vol_60d dist_sma20 zscore_60d DXY_ret_5d DXY_ret_20d DXY_vol_20d VIX_lvl VIX_ret_5d VIX_ret_20d VIX_vol_20d DGS10_lvl DGS10_ret_5d DGS10_ret_20d DGS10_vol_20d DFF_lvl DFF_ret_5d DFF_ret_20d DFF_vol_20d T10Y2Y_lvl T10Y2Y_ret_5d T10Y2Y_ret_20d T10Y2Y_vol_20d SOYBEANS_ret_5d SOYBEANS_ret_20d SOYBEANS_vol_20d
feature_infos=[-0.053466020993040209:0.78064402410641343] [-0.091059530839615377:0.78857551390873493] [-0.10169470166560046:0.81901328035922294] [7.2104302003117568e-05:0.17444965668794002] [0.00064498376249484419:0.10078210466459586] [-0.054690788389449706:1.0956638603393254] [-7.4289956013231802:7.586552664080954] [-0.079974460780886325:0.052918397191728417] [-0.10161625382829964:0.11629473925670908] [0.0012965675371935925:0.01288712818343282] [9.1400000000000006:82.689999999999998] [-0.55909291210651668:1.1407237740182365] [-0.76225097212909132:1.7991637635396711] [0.21885828147095893:10.231592920176725] [0.52000000000000002:5.2599999999999998] [-0.71149631922814183:0.36396537720141164] [-1.0608719606852626:0.36412376795172297] [0.015861240410776269:0.14514149176434346] [0.040000000000000001:5.4100000000000001] [-1.9924301646902063:1.4170660197866445] [-3.0910424533583156:1.5040773967762742] [0:0.61974082019060694] [-1.0800000000000001:2.9100000000000001] [-2.4849066497879999:2.3978952727983707] [-3.1354942159291492:3.0910424533583152] [0.0085069630922340617:0.13247045350806183] [-0.26468238547666889:0.23326168147979498] [-0.49308679942860945:0.24082837867972007] [0.0043309174312704413:0.078466294425747873]
tree_sizes=1284 1429 1428 1433 1429 1538 1321 1650 1541 1762 1753 1652 1652 1648 1536 1637 1641 1427 1647 1755 1736 1756 1542 1643 1655 1638 1639 1629 1420 1645 1544 1435 1539 1438

Tree=0
num_leaves=11
num_cat=0
split_feature=5 27 1 1 21 10 4 1 9 9
split_gain=193.815 38.5752 30.6694 18.6141 13.52 21.5256 4.73524 1.25838 0.771223 0.769314
threshold=0.033364730625091966 -0.016752583984302568 -0.017781667982180945 0.018747026745346455 0.0022360679774673245 16.550000000000001 0.018528673888397979 0.014182822175427658 0.0069760270603424369 0.0081390389721005384
decision_type=10 8 8 10 10 2 8 10 10 10
left_child=2 -2 -1 4 5 -4 7 8 -6 -10
right_child=1 -3 3 -5 6 -7 -8 -9 9 -11
leaf_value=-3.8831638722560222 -3.7226547902545035 -3.9324321335962393 -3.8817982046859925 -3.9107817301102186 -3.992386054559689 -3.9867872830234972 -3.9449664763204915 -3.9674388237550859 -3.959082269818559 -3.9829366113006563
leaf_weight=1.995170885697007 2.3246486466377974 1.464345604181289 1.9585622455924738 2.2697356864809981 51.874443028122187 3.5327337700873613 1.4826499242335547 2.4710832070559254 1.6290844846516841 1.8853449653834102
leaf_count=109 127 80 107 124 2834 193 81 135 89 103
internal_value=-3.9651 -3.78042 -3.97769 -3.98163 -3.98486 -3.94261 -3.98905 -3.99046 -3.99139 -3.97347
internal_weight=72.8878 3.78899 69.0988 67.1036 64.8339 5.4913 59.3426 57.86 55.3889 3.51443
internal_count=3982 207 3775 3666 3542 300 3242 3161 3026 192
is_linear=0
shrinkage=1


Tree=1
num_leaves=12
num_cat=0
split_feature=5 3 28 9 1 4 21 13 1 19 11
split_gain=164.824 35.3365 20.4784 18.5519 17.459 5.4597 7.12533 9.03065 1.34239 0.594832 1.16012
threshold=0.033364730625091966 0.014078176531184728 0.010443628799249339 0.0047623967030271811 0.018747026745346455 0.01991642133756143 1.0000000180025095e-35 1.1146048267171784 0.014182822175427658 0.13831611813259795 0.031839935506743584
decision_type=10 8 10 8 10 8 10 10 10 10 8
left_child=1 4 -2 -3 5 6 7 -1 9 -8 -11
right_child=2 3 -4 -5 -6 -7 8 -9 -10 10 -12
leaf_value=0.053471654675405288 0.054043190600702354 0.11115710664149837 0.21032385365636896 -0.0082944773283570045 0.053890349170634767 0.018401135327696355 -0.029371089409743426 -0.021769234367606114 -0.0035414106970389366 -0.021837383320093873 0.0066887538572681943
leaf_weight=1.5052142515778535 2.1951719820499411 1.9671676289290183 2.2392087690532207 1.7180936038494108 1.8476461172103871 2.0738673489540806 50.114947674795985 2.4754812568426132 2.3511003591120234 2.5044009312987319 1.4313374273478987
leaf_count=80 104 104 103 92 96 110 2807 137 129 140 80
internal_value=-0.00195951 -0.0144636 0.15714 0.0655837 -0.0199852 -0.0229854 -0.0246835 0.0117051 -0.0274109 -0.028366 -0.0122098
internal_weight=72.4236 67.9893 4.43438 3.68526 64.304 62.4563 60.3825 3.9807 56.4018 54.0507 3.93574
internal_count=3982 3775 207 196 3579 3483 3373 217 3156 3027 220
is_linear=0
shrinkage=0.03


Tree=2
num_leaves=12
num_cat=0
split_feature=2 1 3 14 27 21 13 4 1 19 11
split_gain=144.51 41.2019 25.0964 19.2867 12.7136 4.89992 9.8397 2.23454 1.33664 0.616582 1.07477
threshold=0.070822756372976539 0.018747026745346455 0.014078176531184728 2.7650000000000001 -0.020292145852497608 1.0000000180025095e-35 0.9464219148019114 0.018103940744426419 0.014182822175427658 0.13831611813259795 0.025679066688897748
decision_type=10 10 8 2 10 10 10 10 10 10 8
left_child=1 2 5 -3 -2 6 -1 8 9 -7 -11
right_child=4 3 -4 -5 -6 7 -8 -9 -10 10 -12
leaf_value=0.049086372923370321 0.1844822735418675 0.00046034307857802201 0.056214362385144004 0.12523024005055028 0.046072295816655243 -0.02931325446492496 -0.023815977660035202 0.0067307398805495685 -0.0034753014450015869 -0.021514858327841439 0.0060378756211119829
leaf_weight=1.6420844923704851 2.6265561319887638 1.9129652958363288 2.8075359910726538 1.6981394831091163 1.7450967393815506 48.369836112484336 3.5263989325612783 1.4271200131624926 2.3430965915322295 2.3825464341789475 1.4744636584073307
leaf_count=81 102 91 143 79 82 2788 194 75 129 136 82
internal_value=-0.00177698 -0.0134893 -0.01946 0.073568 0.148094 -0.0237819 0.00354864 -0.0263225 -0.0272925 -0.0282757 -0.0119074
internal_weight=71.9558 67.5842 63.9731 3.6111 4.37165 61.1655 5.16848 55.9971 54.5699 52.2268 3.85701
internal_count=3982 3798 3628 170 184 3485 275 3210 3135 3006 218
is_linear=0
shrinkage=0.03


Tree=3
num_leaves=12
num_cat=0
split_feature=5 1 27 1 21 10 2 1 19 24 24
split_gain=126.158 27.83 27.4443 15.9614 10.8749 17.2042 3.27377 1.2757 0.646075 1.15342 0.261154
threshold=0.033364730625091966 -0.017781667982180945 -0.016039390656551685 0.018747026745346455 0.0022360679774673245 16.550000000000001 -0.018543095809493645 0.014182822175427658 0.13831611813259795 -0.028935205511019187 -0.33131581831699736
decision_type=8 10 8 10 10 2 10 10 10 8 8
left_child=1 -1 -2 4 5 -3 -6 8 10 -10 -8
right_child=2 3 -4 -5 6 -7 7 -9 9 -11 -12
leaf_value=0.072542221486453104 0.15886952737681795 0.070565114449269689 0.018397060859530273 0.043573998703057108 0.0074447330766855262 -0.023603964265118262 -0.010318155824992428 -0.0039830087679633107 0.007163946820021627 -0.021463722619826781 -0.029863301791802813
leaf_weight=2.2041698973625889 3.9037897810339928 1.9700469225645054 2.0699163433164349 2.6454188227653495 2.172888232395052 3.3986853491514921 1.99462179467082 2.4066877141594878 1.4011479765176771 2.3634595535695548 44.983840035274625
leaf_count=107 129 93 95 123 124 193 117 132 80 135 2654
internal_value=-0.0016064 -0.0143074 0.119813 -0.0184104 -0.0217747 0.0166054 -0.025728 -0.0271966 -0.0281993 -0.0115415 -0.0292658
internal_weight=71.5147 65.541 5.97371 63.3368 60.6914 5.36873 55.3226 53.1498 50.7431 3.76461 46.9785
internal_count=3982 3758 224 3651 3528 286 3242 3118 2986 215 2771
is_linear=0
shrinkage=0.03


Tree=4
num_leaves=12
num_cat=0
split_feature=2 1 9 3 28 21 10 4 1 9 11
split_gain=111.397 36.034 24.9169 23.3028 13.5786 4.7268 8.66486 2.3561 1.33122 0.789555 1.07819
threshold=0.070822756372976539 0.018747026745346455 0.0040996484238402355 0.014078176531184728 0.010443628799249339 1.0000000180025095e-35 16.035000000000004 0.018528673888397979 0.014182822175427658 0.0069760270603424369 0.011756977705516871
decision_type=10 10 8 8 10 10 2 10 10 10 8
left_child=1 3 -3 5 -2 6 -1 8 9 -7 -11
right_child=4 2 -4 -5 -6 7 -8 -9 -10 10 -12
leaf_value=0.043719088691601682 0.043381756797359929 0.1200319658284499 -0.01088955156645305 0.051923941761348742 0.1570339268387633 -0.029233560969861232 -0.023604536902154978 0.0082033170469990695 -0.0033441186713596442 -0.020507041150689683 0.0075791658539755592
leaf_weight=1.8305891249328841 2.6474772263318291 1.9891559500247229 2.0557246785610914 3.0035564024001351 2.8323983922600746 46.331692984327674 3.4000547230243683 1.3344970755279053 2.3273237422108641 2.0466573294252148 1.3753263968974354
leaf_count=80 100 84 86 143 84 2811 195 69 129 121 80
internal_value=-0.00147955 -0.0129971 0.0645246 -0.0190321 0.117294 -0.0234757 0.00319221 -0.0260978 -0.0271147 -0.0281388 -0.0100577
internal_weight=71.1745 65.6946 4.04488 61.6497 5.47988 58.6461 5.23064 53.4155 52.081 49.7537 3.42198
internal_count=3982 3798 170 3628 184 3485 275 3210 3141 3012 201
is_linear=0
shrinkage=0.03


Tree=5
num_leaves=13
num_cat=0
split_feature=2 21 3 25 1 4 9 24 4 1 13 24
split_gain=74.5607 32.4987 74.2357 39.4432 27.9043 14.7772 3.96691 7.642 2.31142 1.77362 0.386302 0.206305
threshold=0.070822756372976539 0.0045883146773952619 0.002926415801611142 0.036544853478834335 -0.020169260016273501 0.022752024599650027 0.0069760270603424369 -0.027844176112076121 0.029048647592204237 0.019449310087631958 2.5196778124550012 -0.33131581831699736
decision_type=10 10 10 10 10 10 10 8 8 10 8 8
left_child=1 2 10 -4 -3 -2 8 -8 9 11 -1 -6
right_child=5 4 3 -5 6 -7 7 -9 -10 -11 -12 -13
leaf_value=-0.026543085549418803 0.13304470503420859 0.08175048389313698 0.16374142014198775 -0.0072791557247183416 -0.010405735826622242 0.032626076552789138 0.045197432138126832 -0.022853952801458532 0.0077513992789468378 0.00096765167640761182 -0.0046604943477136949 -0.029057529639157201
leaf_weight=6.6524006649851781 3.0268453210592261 1.4072345122694958 3.1693426389247179 1.5961916800588367 2.0088537391275167 3.2501490470021963 1.383213799446821 2.954831274226307 1.3600893095135678 1.8596608135849226 1.338201195001602 40.758883999660611
leaf_count=394 92 64 151 83 121 96 78 164 65 77 76 2511
internal_value=0.00159773 -0.0085473 0.0326967 0.115132 -0.0191443 0.0926778 -0.0235034 0.00324681 -0.0260422 -0.0272194 -0.0238044 -0.0284392
internal_weight=70.7659 64.4889 12.7561 4.76553 51.7328 6.27699 50.3255 4.33805 45.9875 44.6274 7.9906 42.7677
internal_count=3972 3784 704 234 3080 188 3016 242 2774 2709 470 2632
is_linear=0
shrinkage=0.03


Tree=6
num_leaves=11
num_cat=0
split_feature=2 21 3 28 1 8 20 8 12 6
split_gain=67.0016 29.6365 66.3466 27.7929 26.2647 15.2795 3.94264 8.67279 18.0988 4.11379
threshold=0.070822756372976539 0.0045883146773952619 0.002926415801611142 0.012927870168014591 -0.020169260016273501 -0.00066679423516990955 0.026550752075158338 -0.014250309953805827 0.039615903720257258 1.9262336684053192
decision_type=8 10 10 10 10 10 10 10 10 8
left_child=1 2 -1 -4 -3 -2 -6 8 -8 -9
right_child=5 4 3 -5 6 -7 7 9 -10 -11
leaf_value=-0.026881919782957956 0.017394276155553064 0.076632516372664286 0.14268824949919329 0.0018234027963000561 -0.029581344640661089 0.11191314583105914 -0.022146025929331407 -0.028143807974756088 0.086830703274798846 0.015691826106978883
leaf_weight=7.3964892243966442 2.7366586998105049 1.5211665909737337 3.5008165836334229 1.7873388007283209 31.735142452642322 4.4546756893396369 2.6465669181197913 11.893383968621489 1.3050862122327087 1.6046599000692374
leaf_count=451 90 64 152 82 1958 117 162 732 78 86
internal_value=0.00166635 -0.00863737 0.030807 0.102939 -0.0189098 0.0824587 -0.0233328 -0.0109813 0.0241122 -0.0222097
internal_weight=70.582 63.3907 12.6846 5.28816 50.706 7.19133 49.1848 17.4497 3.95165 13.498
internal_count=3972 3765 685 234 3080 207 3016 1058 240 818
is_linear=0
shrinkage=0.03


Tree=7
num_leaves=14
num_cat=0
split_feature=5 25 27 3 14 8 1 13 0 11 11 1 12
split_gain=62.951 52.3957 38.8106 34.0089 8.00886 7.92188 6.33485 6.42564 4.49547 2.51074 0.331929 0.418231 1.59209
threshold=0.017215158820743821 0.036544853478834335 -0.0067869780498228663 0.014078176531184728 3.9750000000000005 0.0036664947352034187 0.008631197245513535 1.2219727218367316 0.0075735295186116778 0.29987669618583307 -0.22974404601602935 0.0058478694031869347 0.12549914841971946
decision_type=8 10 8 10 2 8 10 10 10 10 10 10 10
left_child=3 2 -2 6 -3 -4 8 -8 9 10 -1 -12 -13
right_child=1 4 5 -5 -6 -7 7 -9 -10 -11 11 12 -14
leaf_value=-0.0078841586255647845 0.13844102931231994 -0.026120904212688874 -0.020743657127825631 0.067080842986543196 0.035098822053470681 0.048625799365436033 -0.021652160953864023 0.036111392982333131 0.017960310350374785 0.0091292163967938329 -0.029668731441080433 -0.023367217671842119 0.009550116819458096
leaf_weight=1.6752276485785831 5.5457096556201577 5.7629391588270655 2.0821347972378152 3.2996457088738671 1.7299055652692912 2.0297647509723902 2.4194713504984966 2.6079777861014009 1.4853297928348173 1.2842780621722329 35.943137016147375 3.2808370785787693 1.2599665168672798
leaf_count=106 152 305 98 140 53 81 133 151 89 83 2291 210 80
internal_value=0.00172696 0.0500675 0.0928524 -0.0144764 -0.00951832 0.0163129 -0.0210741 0.00933233 -0.0246056 -0.0264323 -0.027702 -0.0283123 -0.0141583
internal_weight=70.4063 17.1505 9.65761 53.2559 7.49284 4.1119 49.9562 5.02745 44.9288 43.4434 42.1592 40.4839 4.5408
internal_count=3972 689 331 3283 358 179 3143 284 2859 2770 2687 2581 290
is_linear=0
shrinkage=0.03


Tree=8
num_leaves=13
num_cat=0
split_feature=5 25 21 1 21 0 14 1 28 21 12 8
split_gain=57.937 44.6682 31.8611 28.869 16.1797 8.96315 8.09869 4.86265 5.93051 0.920721 1.16661 5.68803
threshold=0.017215158820743821 0.036544853478834335 0.0045883146773952619 -0.020169260016273501 0.057250602568292112 0.007066651804291669 3.9950000000000006 0.008631197245513535 0.012042418742599408 1.0000000180025095e-35 0.14698214625819975 -0.014250309953805827
decision_type=8 10 8 10 8 10 2 10 10 10 10 10
left_child=3 2 -2 -1 -4 7 -3 9 -9 -5 -11 -12
right_child=1 6 4 5 -6 -7 -8 8 -10 10 11 -13
leaf_value=0.074804775415924715 0.13672747565222729 -0.026071129695575894 -0.011245760739454389 -0.0058719790506995247 0.07800331680976684 0.027529414005823538 0.035787959880798477 0.03342728786526699 -0.022213409669843292 -0.029549290710847047 0.025514987912385646 -0.026339625434773403
leaf_weight=2.1309196744114152 4.5386597327888021 5.7068733712658277 3.6111804097890863 2.6581993186846367 2.3057473739609122 2.6238932367414227 1.6999868508428333 2.2881150208413592 2.653201449662447 32.064805966801941 1.6870896527543662 6.3538397382944805
leaf_count=80 117 309 143 139 71 149 49 121 149 2125 108 412
internal_value=0.0017405 0.0469219 0.0840891 -0.0142335 0.0297824 -0.0193873 -0.00930535 -0.02248 0.00484113 -0.0256755 -0.0268132 -0.0138411
internal_weight=70.3225 17.8624 10.4556 52.4601 5.91693 50.3291 7.40686 47.7053 4.94132 42.7639 40.1057 8.04093
internal_count=3972 689 331 3283 214 3203 358 3054 270 2784 2645 520
is_linear=0
shrinkage=0.03


Tree=9
num_leaves=15
num_cat=0
split_feature=5 3 27 27 11 23 1 13 2 0 11 11 1 12
split_gain=53.6566 30.994 26.328 24.6251 9.21903 6.86442 6.07941 6.05077 5.06919 4.27095 2.49474 0.349349 0.457507 1.56414
threshold=0.017215158820743821 0.014078176531184728 -0.0067869780498228663 -0.074859418445093237 -0.065506145032259586 -0.053385573689436687 0.008631197245513535 1.2219727218367316 0.085569305316818958 0.0075735295186116778 0.29987669618583307 -0.22974404601602935 0.0058478694031869347 0.12549914841971946
decision_type=8 10 10 10 10 8 10 10 10 10 10 10 10 10
left_child=1 6 3 -2 -5 -4 9 -8 -6 10 11 -1 -13 -14
right_child=2 -3 5 4 8 -7 7 -9 -10 -11 -12 12 13 -15
leaf_value=-0.0075028179556893785 -0.0070425343244050996 0.06128377983930669 0.037319234049013154 0.028103282616912011 0.13624468040232018 -0.020637052361140398 -0.021570803784759715 0.034202012399431478 0.051587659298125227 0.016617462014368367 0.0091979040074039228 -0.029603696477124086 -0.02308663273651354 0.0096837584558568321
leaf_weight=1.6316307988017786 2.7828941633924851 3.5672538932412854 1.647514661774039 2.5543481921777129 3.4854475846514106 5.0575985675677648 2.390228114090859 2.7132732877507806 2.9788150079548359 1.5552016496658314 1.2803481798619021 34.147103988565505 3.1283133830875149 1.2525262031704185
leaf_count=106 103 140 58 79 126 263 133 151 60 89 83 2291 210 80
internal_value=0.00178295 -0.0139848 0.0442627 0.0694937 0.0914563 -0.00340135 -0.0207016 0.00882632 0.109371 -0.0243275 -0.0262194 -0.0275446 -0.0281821 -0.0136588
internal_weight=70.1725 51.6659 18.5066 11.8015 9.01861 6.70511 48.0986 5.1035 6.46426 42.9951 41.4399 40.1596 38.5279 4.38084
internal_count=3972 3283 689 368 265 321 3143 284 186 2859 2770 2687 2581 290
is_linear=0
shrinkage=0.03


Tree=10
num_leaves=15
num_cat=0
split_feature=5 3 12 3 1 6 17 4 17 6 8 12 8 1
split_gain=53.1154 25.571 23.9889 22.0479 13.8048 8.40732 11.4772 4.5087 6.73903 0.841097 1.17687 0.600915 4.31386 0.205176
threshold=0.03640892184534341 0.014078176531184728 0.0079521217577211995 0.015574672595721232 0.018747026745346455 2.0173008699625274 0.056033354728280221 0.011066580048276464 0.037902228791569119 1.8790891370292198 0.0070522610828431817 0.14698214625819975 -0.017034530414588019 -0.0013208531435824342
decision_type=8 10 10 10 8 10 10 10 10 10 10 10 8 8
left_child=1 4 -3 -2 5 7 -7 9 -9 11 -11 -1 -13 -10
right_child=3 2 -4 -5 -6 6 -8 8 13 10 -12 12 -14 -15
leaf_value=-0.029581766344811654 0.11101370516627046 0.095955258334818591 -0.015021871626561028 0.017515900929769443 0.039594383427192958 -0.021321035669964735 0.064948252080068589 0.042275655351966306 -0.0040656308658772239 -0.019419496789352828 0.010657304061751501 0.023226200607754006 -0.02602371912725612 -0.022233286797357369
leaf_weight=33.5150944320485 3.8489745985716564 2.7877258732914916 2.8279454875737429 5.1214066129177809 2.839729940518736 2.3085290668532248 1.5159744918346403 1.4774735094979394 1.2840257231146095 1.7496068337932222 1.1984848612919448 1.2429709807038305 5.8531031655147663 2.6698529915884142
leaf_count=2283 93 94 104 106 107 142 76 80 72 112 78 79 392 157
internal_value=0.000463208 -0.00983652 0.0462461 0.0647442 -0.0162118 -0.0198923 0.019249 -0.0232718 0.00215474 -0.0264194 -0.00759001 -0.0275711 -0.0155937 -0.018345
internal_weight=70.2409 61.2705 5.61567 8.97038 55.6548 52.8151 3.8245 48.9906 5.43135 43.5593 2.94809 40.6112 7.09607 3.95388
internal_count=3975 3776 198 199 3578 3471 218 3253 309 2944 190 2754 471 229
is_linear=0
shrinkage=0.03


Tree=11
num_leaves=14
num_cat=0
split_feature=5 3 12 3 21 14 25 9 10 12 28 4 26
split_gain=48.3881 23.9979 21.0188 19.6575 15.9154 29.7112 52.9143 2.64577 5.02174 0.828051 1.24029 0.701949 0.0485494
threshold=0.03640892184534341 0.014078176531184728 0.0079521217577211995 0.015574672595721232 0.0045883146773952619 2.7550000000000003 0.03713417788960896 0.0069760270603424369 31.310000000000006 0.30854592415876897 0.013050829280504708 0.018103940744426419 0.002632966969484674
decision_type=8 10 10 8 8 2 10 10 2 10 10 10 10
left_child=1 4 -3 -2 5 -1 -7 9 -9 11 -11 -6 -8
right_child=3 2 -4 -5 7 6 12 8 -10 10 -12 -13 -14
leaf_value=-0.026551421820617049 0.10507896890026357 0.087715605293553975 -0.01484500968463281 0.018368665449100451 -0.028758483247329159 0.15604156480676129 -0.019708957013996553 0.033403240063654062 -0.022451121044473065 -0.019833788202773199 0.010887197704273693 -0.0026235849277185704 -0.0056097417183817713
leaf_weight=6.6345423785969597 3.8319820314645741 3.0478323493152848 2.7883051689714193 5.6197373867034921 34.641934878192842 1.8907393608242271 1.8038152838125827 1.355147449299692 2.7665247414261103 1.8566064229235046 1.1873455811291931 1.1666626296937455 1.4221013849601147
leaf_count=417 78 94 104 121 2422 64 95 86 161 116 79 64 74
internal_value=0.000538592 -0.00960158 0.0437119 0.0602136 -0.0159695 0.0140787 0.0624897 -0.0243194 -0.00115063 -0.0266868 -0.00812158 -0.0280014 -0.0162918
internal_weight=70.0133 60.5616 5.83614 9.45172 54.7254 11.7512 5.11666 42.9742 4.12167 38.8525 3.04395 35.8086 3.22592
internal_count=3975 3776 198 199 3578 650 233 2928 247 2681 195 2486 169
is_linear=0
shrinkage=0.03


Tree=12
num_leaves=14
num_cat=0
split_feature=5 3 12 3 21 14 25 9 22 12 28 3 26
split_gain=44.2386 22.529 18.5197 16.6537 15.5202 27.5159 48.4359 2.63151 5.02906 0.830695 1.20756 0.704469 0.0593563
threshold=0.03640892184534341 0.014078176531184728 0.0079521217577211995 0.015153944572724615 0.0045883146773952619 2.7550000000000003 0.036544853478834335 0.0069760270603424369 1.6150000000000004 0.30854592415876897 0.013050829280504708 0.011678017659619204 0.002632966969484674
decision_type=8 10 10 10 8 2 10 10 2 10 10 8 10
left_child=1 4 -3 -2 5 -1 -7 9 -9 11 -11 -6 -8
right_child=3 2 -4 -5 7 6 12 8 -10 10 -12 -13 -14
leaf_value=-0.026449063819923055 0.095621856683321779 0.080536711016215859 -0.014669207649341686 0.017478092080567734 -0.028697477694277711 0.1447311135172249 -0.019988590699618031 0.033549142903002593 -0.02241467522702139 -0.019693775140372904 0.010647692693984823 -0.0024900472843544944 -0.0055285902924944183
leaf_weight=6.4668174944818002 4.1870133783668262 3.3049151692539445 2.7496424056589603 5.7265400793403387 33.698670423589647 2.0739450585097075 1.8788039935752752 1.3489353489130724 2.7580169253051281 1.8213554816320532 1.1999326394870875 1.1534130293875922 1.4144809814170001
leaf_count=417 85 94 104 114 2424 59 100 80 167 116 79 62 74
internal_value=0.000608573 -0.00937231 0.0413491 0.0562199 -0.0157291 0.0137535 0.0587388 -0.0241668 -0.00106325 -0.0265803 -0.0079922 -0.0279238 -0.0165123
internal_weight=69.7825 59.8689 6.05456 9.91355 53.8144 11.834 5.36723 41.9803 4.10695 37.8734 3.02129 34.8521 3.29328
internal_count=3975 3776 198 199 3578 650 233 2928 247 2681 195 2486 174
is_linear=0
shrinkage=0.03


Tree=13
num_leaves=14
num_cat=0
split_feature=6 24 15 4 17 28 16 1 25 17 24 11 16
split_gain=39.2996 27.7271 39.7636 20.8752 26.7425 14.8473 12.9206 9.04487 7.95162 2.5886 0.626375 0.698408 0.233517
threshold=1.862462139752592 -0.021165403822558545 -0.02035349353077814 0.01000334656233632 0.034713109915419996 0.014914302131150832 -0.026571650376294272 0.019449310087631958 0.022147828692435558 0.032521248114846309 -0.33131581831699736 0.28636773155425238 0.052000040054347448
decision_type=8 10 10 10 8 8 10 8 10 10 8 10 10
left_child=3 2 -2 7 -5 6 -4 10 -6 -3 -1 -12 -10
right_child=1 9 5 4 8 -7 -8 -9 12 -11 11 -13 -14
leaf_value=-0.0031056143922907494 -0.0091359946016231677 0.012177024035113494 0.042955220984545121 0.081159740704655911 0.027585998067984341 0.026880040528785391 0.16241303499170709 0.037621670184004745 -0.026333666399386967 -0.024887538125531787 -0.028714516142118677 -0.0026812469463923126 -0.0068087048785455536
leaf_weight=1.2111464254558084 4.4606072865426549 1.7739322166889895 2.2440386218950161 3.2798752421513173 3.1116806529462337 2.6213223179802299 2.8714679228141904 1.1939077675342549 5.8139383420348167 4.2737857140600681 33.997111096046865 1.1758737452328194 1.5402860762551425
leaf_count=86 158 51 78 100 137 84 84 40 272 246 2479 78 82
internal_value=0.00066692 0.0373136 0.0617983 -0.0128248 0.0179066 0.0990596 0.125603 -0.0242389 -0.00726565 -0.0138305 -0.0272208 -0.0279424 -0.0235488
internal_weight=69.569 18.2452 12.1974 51.3238 13.7458 7.73683 5.11551 37.578 10.4659 6.04772 36.3841 35.173 7.35422
internal_count=3975 701 404 3274 591 246 162 2683 491 297 2643 2557 354
is_linear=0
shrinkage=0.03


Tree=14
num_leaves=13
num_cat=0
split_feature=5 21 10 1 3 3 19 22 3 13 6 15
split_gain=38.1343 21.0604 33.6556 15.33 13.8646 13.8451 3.22299 6.29553 10.1063 0.878173 1.07895 0.507228
threshold=0.03640892184534341 0.0045883146773952619 12.665000000000001 -0.020169260016273501 0.0035430648059561983 0.015574672595721232 0.011964547736560029 1.3050000000000004 0.0045049536257256899 0.52207769713257568 1.3017034074843605 -0.047961287441129062
decision_type=8 8 2 10 10 8 10 2 10 10 8 8
left_child=1 2 -1 -3 11 -2 9 8 -8 10 -5 -4
right_child=5 3 4 6 -6 -7 7 -9 -10 -11 -12 -13
leaf_value=0.1143405121179734 0.084304187454850438 0.047081923230740438 -0.0025768091032278904 -0.01994164698627179 0.038915281257264296 0.015580245583519186 -0.021866446124343557 -0.026224594057493295 0.052080139474159577 -0.029445787281560283 0.0084302384780871112 -0.026382107412114289
leaf_weight=1.8903856696560968 4.6739296633750174 2.0840325001627198 1.164430573582649 1.8951799236238027 4.1430050022900105 5.9932173062115917 2.5532927885651571 6.2353392392396927 2.2699621394276619 28.729610819369555 1.3220159839838745 6.373032942414282
leaf_count=62 78 70 78 136 125 121 187 461 114 2039 86 418
internal_value=0.000743913 -0.00896701 0.0226848 -0.0187789 3.78651e-06 0.0503372 -0.0229679 -0.0080558 0.0159021 -0.0277287 -0.00904855 -0.0234371
internal_weight=69.3274 58.6603 13.5709 45.0894 11.6805 10.6671 43.0054 11.0586 4.82325 31.9468 3.2172 7.53746
internal_count=3975 3776 683 3093 621 199 3023 762 301 2261 222 496
is_linear=0
shrinkage=0.03


Tree=15
num_leaves=14
num_cat=0
split_feature=6 24 15 4 17 25 1 4 1 12 12 24 26
split_gain=42.6175 27.2286 24.242 22.6631 20.986 8.88755 6.15499 3.63287 3.12032 3.09494 2.53661 0.737374 0.249359
threshold=1.862462139752592 -0.016529301951210589 -0.02035349353077814 0.01000334656233632 0.03453068810569318 0.023004576203785782 0.015856579808902985 0.022752024599650027 0.011687095028677376 -0.10699994950675061 0.096284483211969155 -0.33131581831699736 0.019150243555785543
decision_type=8 10 10 10 8 10 10 8 10 8 8 8 10
left_child=3 2 10 6 -5 -6 11 8 -4 -3 -2 -1 -7
right_child=1 9 7 4 5 12 -8 -9 -10 -11 -12 -13 -14
leaf_value=-0.0028440469753758298 -0.013491580745895545 0.016233787246724585 0.047951243218609309 0.070575345606506176 0.029291736749186021 -0.026230867850734554 0.017959830467680203 0.039734192094088468 0.13133585285778346 -0.025090628790207004 0.023562992668039687 -0.029521468004956409 -0.0064764404039756212
leaf_weight=1.1904181977733967 2.4349462324753413 1.5484658190980551 2.433719726279377 3.7178896842524383 3.4905175231397152 5.6273068757727742 2.0863488037139168 2.8054512292146692 2.8587632440030575 4.3196638878434888 2.2926233028993011 33.033285569399595 1.5100142406299708
leaf_count=86 83 67 120 100 153 264 94 65 57 225 79 2544 84
internal_value=0.00114691 0.0386821 0.0617621 -0.0131855 0.0178816 -0.00503627 -0.02561 0.0904218 0.106706 -0.0134101 0.00545453 -0.0287006 -0.023361
internal_weight=69.3494 18.6936 12.8255 50.6558 14.3457 10.6278 36.3101 8.09793 5.29248 5.86813 4.72757 34.2237 7.13732
internal_count=4021 696 404 3325 601 501 2724 242 177 292 162 2630 348
is_linear=0
shrinkage=0.03


Tree=16
num_leaves=14
num_cat=0
split_feature=6 24 4 10 15 17 20 1 12 17 12 1 16
split_gain=39.918 24.5336 21.8987 25.9939 20.8709 8.41539 7.9714 6.13522 3.01016 2.4118 0.940226 1.4524 0.24791
threshold=1.862462139752592 -0.016529301951210589 0.01000334656233632 12.625000000000002 -0.02035349353077814 0.038352583962274249 0.0052083804291278577 0.019449310087631958 -0.10699994950675061 0.046257289610452536 0.24368321100589133 0.0032863197374091162 0.049685639174755027
decision_type=8 10 10 2 10 10 10 8 8 10 10 10 10
left_child=2 4 7 -4 9 -5 -6 10 -3 -2 -1 -12 -7
right_child=1 8 3 5 6 12 -8 -9 -10 -11 11 -13 -14
leaf_value=-0.029467137348226344 -0.01340240542107048 0.015792538871212201 0.084280536133443634 0.024801700786601415 0.038694917032776825 -0.026323509842276067 0.10989084261440285 0.029008893421754764 -0.024960774258850148 0.022670234110859545 -0.020429960417177047 0.01276137036539921 -0.0065578182686894318
leaf_weight=31.259328105486929 2.3923230227082977 1.5715633733198044 2.9019030444324008 4.3716040635481459 4.1369265941902995 5.7529229717329144 4.5053466437384486 1.0110295917838801 4.2186039471998802 2.3545316765084863 2.0429665418341751 1.0934594338759778 1.5137247955426572
leaf_count=2459 79 67 97 152 132 270 110 35 225 83 152 78 82
internal_value=0.00120958 0.0369039 -0.0129521 0.017235 0.0579843 -0.00482822 0.0833579 -0.0254816 -0.0132027 0.00532165 -0.0278576 -0.00857075 -0.0234975
internal_weight=69.1262 19.1793 49.9469 14.5402 13.3891 11.6383 8.64227 35.4068 5.79017 4.74685 34.3958 3.13643 7.26665
internal_count=4021 696 3325 601 404 504 242 2724 292 162 2689 230 352
is_linear=0
shrinkage=0.03


Tree=17
num_leaves=12
num_cat=0
split_feature=6 24 4 10 25 23 25 1 24 28 24
split_gain=37.1691 21.9767 21.1811 23.2148 13.3751 14.7313 8.15595 6.01225 3.57533 2.66951 0.762351
threshold=1.862462139752592 -0.016529301951210589 0.01000334656233632 12.625000000000002 0.038277035337036955 -0.024491020008295752 0.017320508075688693 0.015856579808902985 0.0082646509756053328 0.010123439318579635 -0.33131581831699736
decision_type=8 10 10 2 8 8 8 10 10 10 8
left_child=2 4 7 -4 5 -2 -5 10 -8 -3 -1
right_child=1 9 3 6 -6 -7 8 -9 -10 -11 -12
leaf_value=-0.0023891092599613779 0.02814300230176521 0.013404812525669522 0.077727277084738478 0.039558515248935527 0.0079640222185401073 0.10693018479290767 -0.027082230083762513 0.017406383330927033 0.010052266468210723 -0.024683632922283032 -0.029449848775775073
leaf_weight=1.1554129160940645 5.0235215341672301 1.7081146948039521 3.1327672880142918 1.9773359820246668 4.3574577579274782 4.6207509804517031 6.9177778232842684 2.1201634500175706 2.693284940905869 4.0064981216564775 31.247968003153801
leaf_count=86 138 64 97 59 148 118 306 94 139 228 2544
internal_value=0.00124504 0.0350418 -0.0127145 0.0166465 0.0542081 0.0723908 -0.00472866 -0.0253504 -0.0167095 -0.012998 -0.0285853
internal_weight=68.9611 19.7163 49.2447 14.7212 14.0017 9.64427 11.5884 34.5235 9.61106 5.71461 32.4034
internal_count=4021 696 3325 601 404 256 504 2724 445 292 2630
is_linear=0
shrinkage=0.03


Tree=18
num_leaves=14
num_cat=0
split_feature=18 18 5 21 6 9 6 28 26 23 1 1 12
split_gain=34.6549 36.0155 18.9795 18.6535 11.6609 9.00299 7.47957 11.3891 7.9178 2.21206 1.73418 0.937449 0.631559
threshold=1.6850000000000003 2.2650000000000001 -0.014517092303600985 0.004998891352303146 1.862462139752592 0.0035925447652270523 1.8675538125684015 0.010708994580237963 -0.0041604834798039106 -0.19352984028272449 0.015856579808902985 -0.017781667982180945 0.23842331969206601
decision_type=2 2 8 10 10 10 10 10 8 8 8 10 10
left_child=6 3 -3 -2 9 -5 10 8 -8 -4 11 -1 -11
right_child=1 2 4 5 -6 -7 7 -9 -10 12 -12 -13 -14
leaf_value=0.00070548987265643193 0.093075932517273391 0.077432400960697825 0.0091188920772668838 0.047189366390679881 0.027813814944441392 -0.022107608516660899 0.067672066854227123 -0.025298254651240075 -0.0040248558586340778 -0.028341447037576184 0.0015105154359943793 -0.029196466476763137 -0.002806888073897942
leaf_weight=0.93138129916042345 6.6592349484562856 1.4947910374030469 1.2754058167338369 2.4431897988542914 4.5486889285966745 2.4576160656288266 2.0294111128896475 4.7245852164924145 2.3610655432566983 12.307236880995339 1.7993884356692458 24.575849938206375 1.1831939360126842
leaf_count=42 111 52 73 69 118 132 71 283 94 787 71 2039 79
internal_value=0.00128152 0.0234921 -0.000688572 0.0636091 -0.0102486 0.0145815 -0.0185581 0.0046126 0.0355217 -0.0229943 -0.0261823 -0.0281192 -0.0264502
internal_weight=68.791 32.3694 20.8093 11.56 19.3145 4.90081 36.4217 9.11506 4.39048 14.7658 27.3066 25.5072 13.4904
internal_count=4021 1421 1109 312 1057 201 2600 448 165 939 2152 2081 866
is_linear=0
shrinkage=0.03


Tree=19
num_leaves=15
num_cat=0
split_feature=6 24 25 3 21 20 13 23 8 12 0 16 23 8
split_gain=32.5247 18.7841 18.5749 16.2134 14.6061 11.2754 12.8931 6.53646 3.81703 3.15359 2.61109 1.6616 0.808822 0.754167
threshold=1.862462139752592 -0.016529301951210589 0.027824637227952035 0.0041905074824912054 0.0082557794748096772 0.0052083804291278577 0.68752138182115752 0.01986842109849846 0.0091931206682782669 -0.11154400678499353 0.0026201576228099825 -0.056875118148297314 -0.20674570949119661 -0.018171198043130051
decision_type=8 10 10 10 8 10 10 10 10 8 10 8 8 8
left_child=2 5 3 13 -5 6 -2 11 -7 -3 -8 -6 -4 -1
right_child=1 9 12 4 7 8 10 -9 -10 -11 -12 -13 -14 -15
leaf_value=0.0010394215283754489 0.063234317204542451 0.017096092539028478 -0.0012614708293242649 0.061690299033285372 0.0080456969571774117 0.097367730929343838 -0.023535741172387405 0.03561427675162776 0.03571086836106719 -0.024961757282622801 0.012717304989002556 -0.024882309138281801 -0.029322733951937949 -0.026542209358837172
leaf_weight=0.92228599730879068 2.791220157407226 1.5014801975339649 1.0527118556201456 5.4352640155702803 1.3326542917639015 3.4089720360934725 2.952915096655488 2.174933485686779 3.440519911237061 4.1820553764700881 2.4018309824168682 4.1708174850791702 25.89523772336543 6.9369698604568866
leaf_count=80 62 65 61 137 72 81 109 118 84 227 68 241 2022 594
internal_value=0.00131488 0.0318853 -0.0122591 0.00871553 0.0283535 0.0486281 0.0207701 0.000366301 0.0748923 -0.0129554 -0.00783236 -0.0168978 -0.0283109 -0.0235535
internal_weight=68.5999 20.679 47.9209 20.9729 13.1137 14.9955 8.14597 7.67841 6.84949 5.68354 5.35475 5.50347 26.9479 7.85926
internal_count=4021 696 3325 1242 568 404 239 431 165 292 177 313 2083 674
is_linear=0
shrinkage=0.03


Tree=20
num_leaves=15
num_cat=0
split_feature=2 9 5 18 3 2 4 6 9 24 5 14 6 1
split_gain=34.2585 15.3837 12.8785 11.0528 8.96848 10.259 7.53794 5.38485 4.35254 3.96446 3.86357 3.7466 1.84943 3.83161
threshold=0.030266076530914069 0.0056398082806427517 -0.017357519735060851 2.1850000000000005 0.0072570689080704636 0.11980406122072308 0.010154190894110198 1.8467999570462157 0.0069760270603424369 -0.045623772664753821 0.015973186320200377 2.4250000000000003 -0.70961142846103731 -1.0000000180025095e-35
decision_type=8 10 10 2 10 10 8 10 8 8 10 2 8 10
left_child=2 3 -1 4 11 -6 7 -5 10 -10 12 -2 13 -4
right_child=1 -3 8 6 5 -7 -8 -9 9 -11 -12 -13 -14 -15
leaf_value=0.041343198735480799 -0.019354853714368934 -0.024285807348809887 -0.021723271780577164 -0.0020798759947713934 0.092357622942857057 0.025690188216745794 -0.01919595719226504 0.059209699674383998 0.04124405325025246 -0.017092116180113571 0.015102504061089199 0.032473586927266894 -0.027702381058127792 0.030585662595810605
leaf_weight=2.3233274137601247 1.7124848272651498 3.6877240538597098 2.520755529403687 2.1703467294573757 5.2320121023803932 4.6986495833843946 3.9641203396022329 1.9609452998265622 1.0967649808153508 1.2837202260270708 1.6091457381844509 1.3744977358728645 31.7791728079319 0.9723532861098646
leaf_count=85 107 188 230 133 97 74 99 35 69 100 54 73 2506 76
internal_value=9.1975e-05 0.02737 -0.0164369 0.0370828 0.0532602 0.0660503 0.00807349 0.0328811 -0.020798 0.0140351 -0.0233574 0.00602124 -0.02548 -0.00359586
internal_weight=66.386 24.8008 41.5852 21.1131 13.0176 9.93066 8.09541 4.13129 39.2619 2.38049 36.8814 3.08698 35.2723 3.49311
internal_count=3926 806 3120 618 351 171 267 168 3035 169 2866 180 2812 306
is_linear=0
shrinkage=0.03


Tree=21
num_leaves=15
num_cat=0
split_feature=2 25 5 21 21 1 9 20 5 1 25 27 6 6
split_gain=32.2519 20.8842 12.2737 8.30219 13.3012 5.06976 4.25954 4.06126 3.78215 3.2463 2.71721 0.279401 0.189788 0.232093
threshold=0.030266076530914069 0.036544853478834335 -0.017357519735060851 0.0044721359549824901 0.055220844751367744 0.025362492877868629 0.0069760270603424369 0.050628480383007164 0.015973186320200377 0.0028238830664937269 0.014468658700364892 -0.10949651957166705 -1.0522954222012579 -1.4566683594448493
decision_type=8 10 10 8 10 10 10 10 10 10 10 10 8 10
left_child=2 3 -1 -2 9 -3 8 -8 10 -5 -4 -12 13 -13
right_child=1 5 6 4 -6 -7 7 -9 -10 -11 11 12 -14 -15
leaf_value=0.039392272913330154 0.063406663048374501 -0.02628036867603278 0.01241177479082933 0.015553949044793495 0.060265703938675502 0.022722223552643576 -0.017298377204547601 0.041535375299313441 0.014695820475350585 -0.024374016317538032 -0.0081249840014767562 -0.015736348402886912 -0.028471221045641711 0.0012183180518267646
leaf_weight=2.4133563851937643 8.6410650499165111 5.9390985798090687 1.1058609979227174 2.2366722580045444 3.2346252910792828 1.753181656822562 1.3149320771917694 1.0887855188921092 1.6313972305506457 3.4505032524466515 1.7121088607236696 1.0771667854860423 29.598708850331612 0.91183645091950882
leaf_count=85 145 357 79 81 75 34 95 74 54 114 146 98 2407 82
internal_value=0.000163595 0.0262262 -0.0161894 0.0435481 0.0198622 -0.0137828 -0.0205892 0.0137244 -0.0231867 -0.0086933 -0.0253473 -0.0269266 -0.027665 -0.0101565
internal_weight=66.1093 25.2551 40.8542 17.5629 8.9218 7.69228 38.4408 2.40372 36.0371 5.68718 34.4057 33.2998 31.5877 1.989
internal_count=3926 806 3120 415 270 391 3035 169 2866 195 2812 2733 2587 180
is_linear=0
shrinkage=0.03


Tree=22
num_leaves=13
num_cat=0
split_feature=2 9 5 8 0 18 9 24 17 12 2 8
split_gain=30.3326 13.4568 11.7056 9.39374 12.3531 9.89771 4.16989 4.01089 3.96043 7.85089 3.6043 0.674266
threshold=0.030266076530914069 0.0056398082806427517 -0.017357519735060851 -0.0057012180267443915 0.0032454021961839667 2.1850000000000005 0.0069760270603424369 -0.053224275291138455 0.034713109915419996 -0.14450304673502987 0.043753201793651504 -0.011458319732270626
decision_type=8 10 10 10 10 2 10 8 10 10 10 8
left_child=2 3 -1 10 5 -5 8 -8 9 -4 -2 -11
right_child=1 -3 6 4 -6 -7 7 -9 -10 11 -12 -13
leaf_value=0.037565006747604428 0.027196686914494405 -0.02408420460921901 0.035712116355379041 0.04072724861638595 0.074462337862790717 -0.01780238228900681 0.040966672397090717 -0.017312359085391704 -0.028289961886299092 0.001162591399072286 -0.013801696273037118 -0.025322877068147481
leaf_weight=2.5020809946581712 2.1001955168321791 3.5590096805244675 2.1572082526981831 5.9836826967075449 6.5333966584876171 3.414245430380106 1.1043027965351937 1.3220358900725835 27.281416533514857 0.91428509447723627 4.1252556126564741 4.8832347253337494
leaf_count=85 87 188 124 152 120 109 66 103 2271 79 150 392
internal_value=0.000210102 0.0251003 -0.0159487 0.0336996 0.0452886 0.0197965 -0.0203835 0.0134273 -0.023018 -0.00379736 0.00187917 -0.0215895
internal_weight=65.8803 25.7158 40.1646 22.1568 15.9313 9.39793 37.6625 2.42634 35.2361 7.95473 6.22545 5.79752
internal_count=3926 806 3120 618 381 261 3035 169 2866 595 237 471
is_linear=0
shrinkage=0.03


Tree=23
num_leaves=14
num_cat=0
split_feature=2 25 5 14 11 3 1 1 17 9 11 21 21
split_gain=28.4896 17.7885 11.1688 8.1953 14.172 11.1048 4.87336 4.12752 5.97412 4.59266 0.956448 0.61656 0.574714
threshold=0.030266076530914069 0.036544853478834335 -0.017357519735060851 2.7550000000000003 0.019652960969928305 0.015574672595721232 0.025362492877868629 0.0044936878777205322 0.034713109915419996 0.0067819730130521862 0.27674047555561515 0.06612384811358811 1.0000000180025095e-35
decision_type=8 10 10 2 10 8 10 10 8 10 8 8 10
left_child=2 3 -1 4 -2 -5 -3 10 -9 11 12 -10 -4
right_child=1 6 7 5 -6 -7 -8 8 9 -11 -12 -13 -14
leaf_value=0.035851603380158241 -0.020391569005250181 -0.026151122613070787 -0.0045323823673788866 0.086093809833076809 0.04953756328290107 0.020434484663611679 0.021828691389209173 0.029246263874425915 -0.026823526893292052 0.02625608167455153 0.0019538895616352174 -0.001359356821141067 -0.029103171997115443
leaf_weight=2.5894352719187728 4.4410331994295174 5.7696237964555612 1.3102531293407143 4.7548515396192643 4.1680646985769272 5.2630959507077941 1.792065657675266 2.5017012991011116 7.2590803131461117 1.1211964581161744 0.86667226348072191 1.0777813093736774 22.763065554201603
leaf_count=85 136 357 71 86 107 86 34 153 531 69 70 79 2062
internal_value=0.000246601 0.0239958 -0.0157072 0.0391553 0.0150963 0.0565841 -0.0135588 -0.0201759 -0.00511245 -0.016128 -0.0269238 -0.0240297 -0.0279999
internal_weight=65.6779 26.1887 39.4892 18.627 8.6091 10.0179 7.56169 36.8998 11.9598 9.45806 24.94 8.33686 24.0733
internal_count=3926 806 3120 415 243 172 391 3035 832 679 2203 610 2133
is_linear=0
shrinkage=0.03


Tree=24
num_leaves=14
num_cat=0
split_feature=2 9 5 8 0 0 1 4 4 27 22 11 21
split_gain=26.8893 11.8698 10.6626 7.97446 9.92682 5.81077 4.1094 5.90641 11.8503 3.79963 2.3706 0.949305 0.575716
threshold=0.030266076530914069 0.0056398082806427517 -0.017357519735060851 -0.0057012180267443915 0.0032454021961839667 1.0000000180025095e-35 0.0044936878777205322 0.0043754676607971436 0.0052654483231207834 0.0052814412327677482 0.25500000000000006 0.27674047555561515 1.0000000180025095e-35
decision_type=8 10 10 10 10 8 10 10 8 10 2 8 10
left_child=2 3 -1 9 5 -5 11 -8 -9 -2 -10 12 -4
right_child=1 -3 6 4 -6 -7 7 8 10 -11 -12 -13 -14
leaf_value=0.034243119269757184 0.018869843412522593 -0.023891859343003231 -0.0044662389506441138 0.033684236975030271 0.065900591716064813 -0.011111374209358517 -0.025704669879306394 0.068503919823432693 0.013124484834258217 -0.022161232456485304 -0.023411571234615874 0.001924947931190112 -0.029057556377239266
leaf_weight=2.6753651713952413 3.7497318992391291 3.4405980482697478 1.3046624502167166 6.2433563964441374 7.1455737221986046 3.451172602362937 5.4240120239555818 1.4215357685461638 1.7409699652343986 2.5524848755449057 3.2840744880959392 0.86832193285226722 22.126020389609039
leaf_count=85 98 188 71 122 120 139 436 90 81 139 225 70 2062
internal_value=0.000297158 0.0230625 -0.0154698 0.0307438 0.0409934 0.0181895 -0.0199692 -0.00493882 0.0136387 0.0014926 -0.010676 -0.0268264 -0.0279271
internal_weight=65.4279 26.5829 38.845 23.1423 16.8401 9.69453 36.1696 11.8706 6.44658 6.30222 5.02504 24.299 23.4307
internal_count=3926 806 3120 618 381 261 3035 832 396 237 306 2203 2133
is_linear=0
shrinkage=0.03


Tree=25
num_leaves=14
num_cat=0
split_feature=3 22 4 6 18 18 1 13 4 3 4 27 28
split_gain=27.472 25.5322 12.3904 21.9081 13.8447 16.8909 15.3704 11.1186 9.59224 8.86513 5.56611 0.79527 0.684136
threshold=0.002926415801611142 1.3050000000000004 0.0048897767650520245 1.895279559542693 1.6950000000000001 2.2650000000000001 -0.0057155163674353906 0.56609348997712117 0.015774514628056006 0.0039942270526021157 0.029508505663911656 -0.10949651957166705 0.0078023997523440367
decision_type=8 2 8 10 2 2 10 10 8 10 10 10 10
left_child=11 2 3 9 10 8 -7 -3 -6 -2 -4 -1 -8
right_child=1 7 4 -5 5 6 12 -9 -10 -11 -12 -13 -14
leaf_value=-0.00088405658027884953 -0.021861238210403634 0.043773329955135477 -0.02661115829424316 0.11585063224785368 0.081958958617372721 0.05342266580402924 -0.0047510863688228063 -0.028218340027321178 0.025850508411199909 0.056764545503698215 0.024880276210748894 -0.028635980142243729 -0.026220109741100249
leaf_weight=1.0490099154412771 2.5245526665821667 1.3417558865621675 6.2019691355526474 2.643868544138968 4.9625097597017893 2.5429950077086687 2.3617391260340792 12.430043730884789 7.7535637691617021 1.0614710459485648 1.685830859467387 16.778361740522087 5.2128776777535677
leaf_count=102 187 50 375 68 63 80 49 1038 139 78 46 1571 193
internal_value=0.00395786 0.0151998 0.0280003 0.0639168 0.0189316 0.0304345 0.000935632 -0.0187159 0.0521261 0.00871504 -0.0140449 -0.0271367 -0.0208609
internal_weight=68.5505 50.7232 36.9514 6.22989 30.7215 22.8337 10.1176 13.7718 12.7161 3.58602 7.8878 17.8274 7.57462
internal_count=4039 2366 1278 333 945 524 322 1088 202 265 421 1673 242
is_linear=0
shrinkage=0.03


Tree=26
num_leaves=14
num_cat=0
split_feature=3 22 4 20 18 18 1 13 4 3 4 19 13
split_gain=26.3898 23.8849 11.1719 16.5647 12.8257 15.1153 15.3189 10.7484 8.24496 5.93443 5.39048 0.753352 0.409826
threshold=0.002926415801611142 1.3050000000000004 0.0048897767650520245 0.0058261873083191315 1.6950000000000001 2.2650000000000001 -0.0066006093213837316 0.56609348997712117 0.015774514628056006 0.0032584530496730401 0.029508505663911656 0.003911153483558861 0.52207769713257568
decision_type=8 2 8 10 2 2 10 8 8 10 10 8 10
left_child=12 2 3 9 10 8 -7 -3 -6 -2 -4 -8 -1
right_child=1 7 4 -5 5 6 11 -9 -10 -11 -12 -13 -14
leaf_value=-0.0065883712392601568 0.042855294364095478 0.04224059880634163 -0.026498166535763968 0.10183444706728439 0.075916179786420887 0.053355005974105932 -0.026507319956577777 -0.028147996315024716 0.024678917562229705 -0.020500316047645267 0.024063401767509797 -0.0044647847043120074 -0.028529133588998522
leaf_weight=1.5407132953405405 1.4249774767085903 1.38435501605272 6.0481530688703087 3.0320059899240732 5.2714168829843411 2.5418992703780532 5.1542796315625257 12.094836056232452 7.9228232130408296 2.0370285613462329 1.7241224385797975 2.4110227758064902 15.822495886124669
leaf_count=149 60 50 375 132 63 74 156 1038 139 141 46 92 1524
internal_value=0.00393926 0.0147962 0.026913 0.0603495 0.0182614 0.0290897 0.000955697 -0.0185008 0.0490556 0.0093373 -0.0138176 -0.0208239 -0.027047
internal_weight=68.4101 51.0469 37.5677 6.49401 31.0737 23.3014 10.1072 13.4792 13.1942 3.46201 7.77228 7.5653 17.3632
internal_count=4039 2366 1278 333 945 524 322 1088 202 201 421 248 1673
is_linear=0
shrinkage=0.03


Tree=27
num_leaves=14
num_cat=0
split_feature=3 22 14 4 18 10 3 13 18 4 8 0 12
split_gain=25.3369 22.3301 10.7467 13.9962 14.5896 14.994 13.6313 10.3928 10.2946 5.22094 3.62813 1.36926 0.608288
threshold=0.002926415801611142 1.3050000000000004 4.2950000000000008 0.0048897767650520245 1.6950000000000001 12.625000000000002 0.0035430648059561983 0.56609348997712117 2.2650000000000001 0.029508505663911656 0.0058581307276983638 0.00042802776168704432 0.30854592415876897
decision_type=8 2 2 8 2 2 10 8 2 10 10 8 8
left_child=12 2 3 6 9 -6 -2 -3 10 -5 -7 -10 -1
right_child=1 7 -4 4 5 8 -8 -9 11 -11 -12 -13 -14
leaf_value=-0.028502238891485569 0.015125281300084092 0.040776861267984743 -0.023125821638111124 -0.026384426868250502 0.07139755844630194 0.048828526024450696 0.10758860438897039 -0.028076794233439974 -0.024257351469236934 0.023278760341761434 0.011570744215338906 0.0025539539715847114 -0.0035387816538934155
leaf_weight=15.667009932920335 2.8932926254346958 1.4262736886739702 2.9814835777506223 5.8985722148790982 5.5937542989850071 5.2405948080122489 2.8536205245181918 11.769197592511773 3.3476469554007018 1.7618917077779768 5.0777730392292142 2.5430184463039067 1.2507531065493847
leaf_count=1561 159 50 155 375 99 86 102 1038 106 46 80 70 112
internal_value=0.00390318 0.0143837 0.02585 0.0305212 0.020736 0.0328647 0.0701792 -0.0182863 0.0161909 -0.013593 0.0331358 -0.0139919 -0.0269572
internal_weight=68.3049 51.3871 38.1916 35.2102 29.4633 21.8028 5.74691 13.1955 16.209 7.66046 10.3184 5.89067 16.9178
internal_count=4039 2366 1278 1123 862 441 261 1088 342 421 166 176 1673
is_linear=0
shrinkage=0.03


Tree=28
num_leaves=12
num_cat=0
split_feature=3 25 21 1 13 14 14 23 17 18 13
split_gain=24.299 18.4376 13.2337 13.7005 17.7196 12.5344 12.3758 7.06562 9.52765 6.91632 0.434725
threshold=0.002926415801611142 0.038277035337036955 0.0045883146773952619 -0.020169260016273501 1.7535031419417024 2.8650000000000007 2.3150000000000004 0.032413385772194554 0.035767890917462332 5.3250000000000011 0.52207769713257568
decision_type=8 10 8 8 8 2 2 10 10 2 10
left_child=10 2 5 -4 7 -2 -6 -5 -9 -3 -1
right_child=1 9 3 4 6 -7 -8 8 -10 -11 -12
leaf_value=-0.0060896682911251261 0.012687191486689842 -0.027698021144422734 0.061616431088157654 -0.02842028153514654 0.07163403499175594 0.068825826015440253 -0.011583807833252618 0.0522929232151177 -0.021873894975052512 0.019135379053595178 -0.028419096189843271
leaf_weight=1.4891516854986573 6.8269672254100433 9.9221165170893055 2.8535392284393311 11.141989341005688 3.3283330108970395 8.0500007942318899 2.1697894707322121 1.8846306400373567 2.5292088324204087 3.0391530888155094 14.993126179091631
leaf_count=149 139 805 56 736 80 97 135 77 185 56 1524
internal_value=0.00385142 0.0139593 0.0241683 0.0096095 8.64787e-05 0.0454858 0.0420641 -0.0163949 0.0136037 -0.0161325 -0.0268654
internal_weight=68.228 51.7457 38.7845 23.9075 21.054 14.877 5.49812 15.5558 4.41384 12.9613 16.4823
internal_count=4039 2366 1505 1269 1213 236 215 998 262 861 1673
is_linear=0
shrinkage=0.03


Tree=29
num_leaves=14
num_cat=0
split_feature=3 25 2 5 18 27 27 1 9 18 26 27 27
split_gain=23.3009 17.2724 12.2063 10.3948 11.997 11.6805 10.334 9.96631 7.30849 6.71325 5.17878 0.853425 0.523962
threshold=0.002926415801611142 0.038277035337036955 0.014294702255922333 0.021089421141959212 1.6850000000000003 -0.016039390656551685 0.016326396377715383 0.001834850796949006 0.0041854991514922281 5.3250000000000011 0.033602355057271278 -0.10949651957166705 -0.074165390496832892
decision_type=8 10 10 8 2 8 8 10 10 2 8 10 10
left_child=11 2 6 4 8 -5 12 10 -4 -3 -8 -1 -2
right_child=1 9 3 5 -6 -7 7 -9 -10 -11 -12 -13 -14
leaf_value=0.00024553306884138489 -0.0021336909513666666 -0.027617300730825627 -0.020673225798100464 0.03720342474927664 0.086289520714380175 -0.011642979242318302 -0.023160720716644708 0.067064560480082566 0.051348654244560817 0.018487826840272552 0.033093419066274964 -0.028423750973260626 -0.026385876655198294
leaf_weight=0.9740210017189409 1.1151744900271259 9.659474562853573 2.1085735680535422 11.120802436023949 5.060870093293488 6.316372547298676 3.0103504303842747 2.0682377554476261 1.1993185924366114 3.0855411645025006 1.3334777541458604 15.087787863798438 6.0186127517372423
leaf_count=102 69 805 165 125 121 153 192 120 76 56 58 1571 426
internal_value=0.00379084 0.0135406 0.0232409 0.0349702 0.0610174 0.0198377 2.78284e-05 0.0256487 0.0112974 -0.0159224 -0.00293046 -0.0267727 -0.0233231
internal_weight=68.1586 52.0968 39.3518 25.8059 8.36876 17.4372 13.5459 6.41207 3.30789 12.745 4.34383 16.0618 7.13379
internal_count=4039 2366 1505 640 362 278 865 370 241 861 250 1673 495
is_linear=0
shrinkage=0.03


Tree=30
num_leaves=13
num_cat=0
split_feature=3 21 21 23 21 19 14 26 18 2 7 4
split_gain=18.7148 13.8107 11.9033 11.898 11.127 5.22704 8.13879 11.8671 4.37665 1.20087 0.817845 0.752595
threshold=0.0035430648059561983 0.0045883146773952619 0.055750855551612535 0.03454585262432245 0.06612384811358811 0.003911153483558861 2.6150000000000007 -0.0079548211897688664 5.3250000000000011 0.036630463102163897 -0.014390284837531018 0.0080232536566456052
decision_type=8 8 8 8 8 8 2 10 2 8 10 10
left_child=8 3 5 -2 -4 10 7 -7 11 -6 -3 -1
right_child=1 2 4 -5 9 6 -8 -9 -10 -11 -12 -13
leaf_value=-0.028709035585940502 0.048654230917204506 0.0001537732269365595 0.045203126478857041 -0.0044011417106778741 -0.022663818453628554 0.077582063293744244 -0.023763832885653452 -0.018721889510672978 0.018042769622178777 0.0062568051121686613 -0.028281233556519826 -0.0016061020562473834
leaf_weight=17.730197344906635 10.884800027124582 0.96903073508292692 6.2917161602526877 5.3665969874709871 2.7798496363684544 1.4853406362235548 3.2614336926490068 1.5644975556060696 1.4376965099945653 1.4226486217230556 11.699150975793598 1.0985932135954488
leaf_count=1840 150 72 152 96 195 64 210 99 75 43 874 99
internal_value=-4.61972e-05 0.0105729 -0.00184443 0.0318945 0.0225418 -0.0157816 0.00595486 0.0357559 -0.0233754 -0.0135527 -0.026254 -0.0272884
internal_weight=65.9916 45.7251 29.4737 16.2514 10.4942 18.9795 6.31127 3.04984 20.2665 4.2025 12.6682 18.8288
internal_count=3969 1955 1709 246 390 1319 373 163 2014 238 946 1939
is_linear=0
shrinkage=0.03


Tree=31
num_leaves=12
num_cat=0
split_feature=2 21 0 1 15 10 6 15 8 8 1
split_gain=16.8964 11.9242 13.0307 11.3053 7.06307 6.50739 2.79368 4.12296 1.79426 5.80934 1.75872
threshold=0.070822756372976539 0.0045883146773952619 0.0023066551981031362 -0.020169260016273501 -1.0000000180025095e-35 12.665000000000001 2.0173008699625274 0.017680040125675592 -0.017034530414588019 -0.02061176191800795 0.018747026745346455
decision_type=8 10 8 10 10 2 10 10 8 10 10
left_child=1 2 5 -3 -2 -1 8 -8 9 -5 -7
right_child=4 3 -4 6 -6 10 7 -9 -10 -11 -12
leaf_value=0.033471171062112851 0.0053509120501620102 0.033522840663654685 0.04942492215789606 -0.024920140928227395 0.044852134277643771 -0.026314578457687712 -0.021022510935948417 0.031011487015784062 -0.029194554725719999 0.030949021205622373 0.0072540073077471566
leaf_weight=1.7321187080815414 8.2548757549375278 2.6814825236797324 4.8124789069406679 4.528086831793189 7.6851617023348799 5.9663475644774735 2.1555824782699342 1.4262701785191891 23.779469298198823 1.4489905750378964 1.2958492189645765
leaf_count=50 112 64 151 422 92 455 140 68 2270 129 16
internal_value=-2.90336e-05 -0.00867671 0.0143222 -0.0176412 0.0259191 -0.0075258 -0.0226128 0.00194331 -0.0255358 -0.00888149 -0.0201717
internal_weight=65.7667 49.8267 13.8068 36.0199 15.94 8.99432 33.3384 3.58185 29.7565 5.97708 7.2622
internal_count=3969 3765 672 3093 204 521 3029 208 2821 551 471
is_linear=0
shrinkage=0.03


Tree=32
num_leaves=13
num_cat=0
split_feature=3 21 21 23 21 19 14 26 18 3 27 7
split_gain=17.4113 11.6696 11.0439 10.5426 10.0211 5.15577 7.74971 10.8191 4.28875 4.03464 0.799865 0.793623
threshold=0.0035430648059561983 0.0045883146773952619 0.055750855551612535 0.03454585262432245 0.06167720028290153 0.003911153483558861 2.6150000000000007 -0.0088525065809807995 5.3250000000000011 0.025202465803395711 -0.10949651957166705 -0.013664566610569915
decision_type=8 8 8 8 8 8 2 8 2 8 10 10
left_child=8 3 5 -2 -4 11 7 -7 10 -6 -1 -3
right_child=1 2 4 -5 9 6 -8 -9 -10 -11 -12 -13
leaf_value=-0.00082827500460647 0.044349684860612457 -9.381370061036736e-05 0.047173568984662406 -0.0048585462492687298 -0.024016345083690254 0.073031608759741531 -0.023575181487599291 -0.018507736647162171 0.017716954257698755 0.022009875640274304 -0.02863087320724067 -0.028175103149989524
leaf_weight=1.046146865002817 11.470024500042198 0.98561219451949256 5.3254032311961028 5.4475255347788361 3.5394997899420568 1.5902093537151811 3.1520871389657259 1.5204045218415587 1.4507100451737631 1.812409561127424 16.949515753425658 11.206446699798105
leaf_count=114 150 76 99 96 251 64 210 99 75 40 1825 870
internal_value=2.0006e-05 0.0100642 -0.00159962 0.0291176 0.0215178 -0.0153932 0.00614564 0.0346713 -0.0230939 -0.00741846 -0.0271433 -0.0260842
internal_weight=65.496 46.0496 29.1321 16.9176 10.6773 18.4548 6.2627 3.11061 19.4464 5.35191 17.9957 12.1921
internal_count=3969 1955 1709 246 390 1319 373 163 2014 291 1939 946
is_linear=0
shrinkage=0.03


Tree=33
num_leaves=12
num_cat=0
split_feature=3 21 21 3 21 6 4 4 1 7 27
split_gain=16.6854 10.7173 10.4548 9.59772 9.30579 6.07361 4.50887 8.95226 5.95266 1.37503 0.8012
threshold=0.0035430648059561983 0.0045883146773952619 0.055750855551612535 0.015153944572724615 0.06612384811358811 2.5354942145035611 0.0048897767650520245 0.0046469008853194894 -0.017781667982180945 0.009456259748804376 -0.10949651957166705
decision_type=8 8 8 10 8 10 8 10 10 8 10
left_child=5 3 6 -2 -4 10 7 -3 -8 -6 -1
right_child=1 2 4 -5 9 -7 8 -9 -10 -11 -12
leaf_value=-0.00081591413007875825 0.044925242433374528 -0.020351470422160386 0.040279005239841445 0.00017241521036196107 -0.022794754739850338 0.031595464785108732 0.020388734520707687 0.063372692609802217 -0.028619173180499381 0.0082697115136033013 -0.028635170886162232
leaf_weight=1.0452976571396053 10.254837754182519 2.0390000855550237 6.7436260269023451 7.0049719829112282 2.7766300654038796 0.90077458787709375 1.9035008614882851 0.916365586221218 13.307685577776278 1.3084874846972523 17.053600501269102
leaf_count=114 159 211 152 87 172 30 54 62 992 66 1870
internal_value=4.00885e-05 0.00976057 -0.00152589 0.0277663 0.0207045 -0.0229294 -0.0151659 0.0150674 -0.021607 -0.0131751 -0.0271553
internal_weight=65.2548 46.2551 28.9953 17.2598 10.8287 18.9997 18.1666 2.95537 15.2112 4.08512 18.0989
internal_count=3969 1955 1709 246 390 2014 1319 273 1046 238 1984
is_linear=0
shrinkage=0.03


end of trees

feature_importances:
ret_5d=45
vol_20d=33
DFF_vol_20d=31
vol_60d=27
dist_sma20=19
zscore_60d=18
VIX_ret_20d=18
DXY_vol_20d=17
ret_20d=16
DFF_lvl=15
T10Y2Y_ret_20d=15
T10Y2Y_vol_20d=15
SOYBEANS_ret_20d=15
DXY_ret_20d=14
VIX_vol_20d=13
VIX_ret_5d=12
DGS10_lvl=12
DGS10_vol_20d=10
SOYBEANS_vol_20d=10
ret_1d=9
VIX_lvl=9
T10Y2Y_ret_5d=8
DFF_ret_5d=7
SOYBEANS_ret_5d=7
DGS10_ret_5d=6
T10Y2Y_lvl=6
DFF_ret_20d=5
DGS10_ret_20d=4
DXY_ret_5d=3

parameters:
[boosting: gbdt]
[objective: binary]
[metric: binary_logloss]
[tree_learner: serial]
[device_type: cpu]
[data_sample_strategy: bagging]
[data: ]
[valid: ]
[num_iterations: 600]
[learning_rate: 0.03]
[num_leaves: 15]
[num_threads: 0]
[seed: 0]
[deterministic: 0]
[force_col_wise: 0]
[force_row_wise: 0]
[histogram_pool_size: -1]
[max_depth: -1]
[min_data_in_leaf: 80]
[min_sum_hessian_in_leaf: 0.001]
[bagging_fraction: 0.8]
[pos_bagging_fraction: 1]
[neg_bagging_fraction: 1]
[bagging_freq: 5]
[bagging_seed: 3]
[bagging_by_query: 0]
[feature_fraction: 0.8]
[feature_fraction_bynode: 1]
[feature_fraction_seed: 2]
[extra_trees: 0]
[extra_seed: 6]
[early_stopping_round: 0]
[early_stopping_min_delta: 0]
[first_metric_only: 0]
[max_delta_step: 0]
[lambda_l1: 0]
[lambda_l2: 1]
[linear_lambda: 0]
[min_gain_to_split: 0]
[drop_rate: 0.1]
[max_drop: 50]
[skip_drop: 0.5]
[xgboost_dart_mode: 0]
[uniform_drop: 0]
[drop_seed: 4]
[top_rate: 0.2]
[other_rate: 0.1]
[min_data_per_group: 100]
[max_cat_threshold: 32]
[cat_l2: 10]
[cat_smooth: 10]
[max_cat_to_onehot: 4]
[top_k: 20]
[monotone_constraints: ]
[monotone_constraints_method: basic]
[monotone_penalty: 0]
[feature_contri: ]
[forcedsplits_filename: ]
[refit_decay_rate: 0.9]
[cegb_tradeoff: 1]
[cegb_penalty_split: 0]
[cegb_penalty_feature_lazy: ]
[cegb_penalty_feature_coupled: ]
[path_smooth: 0]
[interaction_constraints: ]
[verbosity: -1]
[saved_feature_importance_type: 0]
[use_quantized_grad: 0]
[num_grad_quant_bins: 4]
[quant_train_renew_leaf: 0]
[stochastic_rounding: 1]
[linear_tree: 0]
[max_bin: 255]
[max_bin_by_feature: ]
[min_data_in_bin: 3]
[bin_construct_sample_cnt: 200000]
[data_random_seed: 1]
[is_enable_sparse: 1]
[enable_bundle: 1]
[use_missing: 1]
[zero_as_missing: 0]
[feature_pre_filter: 1]
[pre_partition: 0]
[two_round: 0]
[header: 0]
[label_column: ]
[weight_column: ]
[group_column: ]
[ignore_column: ]
[categorical_feature: ]
[forcedbins_filename: ]
[precise_float_parser: 0]
[parser_config_file: ]
[objective_seed: 5]
[num_class: 1]
[is_unbalance: 0]
[scale_pos_weight: 1]
[sigmoid: 1]
[boost_from_average: 1]
[reg_sqrt: 0]
[alpha: 0.9]
[fair_c: 1]
[poisson_max_delta_step: 0.7]
[tweedie_variance_power: 1.5]
[lambdarank_truncation_level: 30]
[lambdarank_norm: 1]
[label_gain: ]
[lambdarank_position_bias_regularization: 0]
[eval_at: ]
[multi_error_top_k: 1]
[auc_mu_weights: ]
[num_machines: 1]
[local_listen_port: 12400]
[time_out: 120]
[machine_list_filename: ]
[machines: ]
[gpu_platform_id: -1]
[gpu_device_id: -1]
[gpu_use_dp: 0]
[num_gpu: 1]

end of parameters

pandas_categorical:[]
