tree
version=v4
num_class=1
num_tree_per_iteration=1
label_index=0
max_feature_idx=28
objective=regression
feature_names=ret_1d ret_5d ret_20d vol_20d vol_60d dist_sma20 zscore_60d DXY_ret_5d DXY_ret_20d DXY_vol_20d VIX_lvl VIX_ret_5d VIX_ret_20d VIX_vol_20d DGS10_lvl DGS10_ret_5d DGS10_ret_20d DGS10_vol_20d DFF_lvl DFF_ret_5d DFF_ret_20d DFF_vol_20d T10Y2Y_lvl T10Y2Y_ret_5d T10Y2Y_ret_20d T10Y2Y_vol_20d COPPER_ret_5d COPPER_ret_20d COPPER_vol_20d
feature_infos=[-0.12488260245214189:0.06218890282327294] [-0.12764813603400693:0.1098258035541777] [-0.17629174469888387:0.19205076900306839] [0.0009430652369104757:0.034266160845165865] [0.0016925342360626652:0.025268464597358022] [-0.073114441198262603:0.12667640912772044] [-4.4255050318821789:4.3247153971779726] [-0.079974460780886325:0.052918397191728417] [-0.10161625382829964:0.11629473925670908] [0.0012965675371935925:0.01288712818343282] [9.1400000000000006:82.689999999999998] [-0.55909291210651668:1.1407237740182365] [-0.76225097212909132:1.7991637635396711] [0.21885828147095893:10.231592920176725] [0.52000000000000002:5.2599999999999998] [-0.71149631922814183:0.36396537720141164] [-1.0608719606852626:0.36412376795172297] [0.015861240410776269:0.14514149176434346] [0.040000000000000001:5.4100000000000001] [-1.9924301646902063:1.4170660197866445] [-3.0910424533583156:1.5040773967762742] [0:0.61974082019060694] [-1.0800000000000001:2.9100000000000001] [-2.4849066497879999:2.3978952727983707] [-3.1354942159291492:3.0910424533583152] [0.0085069630922340617:0.13247045350806183] [-0.26397034778676443:0.18873944231605755] [-0.60895409632906017:0.34104771597443306] [0.0057941454813173737:0.065760647574406722]
tree_sizes=1514 1548 1550 1557 1535 1559 1536 1557 1525 1550

Tree=0
num_leaves=15
num_cat=0
split_feature=4 10 10 6 2 9 18 16 13 23 14 24 12 5
split_gain=0.169688 0.127713 0.120793 0.103879 0.080931 0.0711084 0.0751702 0.0797187 0.0439575 0.0342967 0.0314788 0.057377 0.0314556 0.0304408
threshold=0.0091192945773266986 31.355000000000004 19.405000000000005 2.06338557182919 -0.032149583964777843 0.0064033153102136487 0.085000000000000006 0.11728541257737819 0.53475074592406802 0.033336420267591808 4.3850000000000007 0.46768343946748431 0.02001297515348455 -0.011883789677363248
decision_type=10 2 2 10 10 10 2 10 10 10 2 8 10 10
left_child=1 2 8 5 -4 6 -2 9 -1 -8 11 -10 -6 -7
right_child=3 -3 4 -5 12 13 7 -9 10 -11 -12 -13 -14 -15
leaf_value=0.0017580165583337773 0.0011929435072060388 0.0032374958049960303 0.0025006588227037743 0.00073675337975719199 0.0011863396682177396 0.0017443963913931007 0.0019024432474679049 0.0026805807730060829 0.0022172334672893898 0.0014871997665741924 0.001686484567716939 0.0029455152613523227 0.0017045200275440232 0.0010506411486759649
leaf_weight=193 150 83 83 95 184 87 1046 107 1111 215 85 106 248 167
leaf_count=193 150 83 83 95 184 87 1046 107 1111 215 85 106 248 167
internal_value=0.00190592 0.00209136 0.00204339 0.00169805 0.00164751 0.00175023 0.00182816 0.00189829 0.00217986 0.00183136 0.00224247 0.00228146 0.00148263 0.00128665
internal_weight=3960 2093 2010 1867 515 1772 1518 1368 1495 1261 1302 1217 432 254
internal_count=3960 2093 2010 1867 515 1772 1518 1368 1495 1261 1302 1217 432 254
is_linear=0
shrinkage=1


Tree=1
num_leaves=15
num_cat=0
split_feature=4 10 28 17 13 17 3 6 12 13 5 13 22 21
split_gain=0.162646 0.154608 0.100595 0.0963263 0.0698917 0.088892 0.0663355 0.0575274 0.0544612 0.0384801 0.0356131 0.0347195 0.0341802 0.0336699
threshold=0.005827556621721062 20.205000000000002 0.019998880041208849 0.060818972109211715 1.3124856741347337 0.066487038587407996 0.010500106112086438 1.3812280830239303 0.091807341987255389 2.3980393413975221 0.01411721385928502 1.1225212945880938 -0.074999999999999997 0.011516578439242066
decision_type=10 2 10 10 10 10 10 10 10 10 10 10 2 10
left_child=3 6 4 11 -3 9 -2 12 -7 -6 13 -1 -8 -4
right_child=1 2 10 -5 5 8 7 -9 -10 -11 -12 -13 -14 -15
leaf_value=9.9067349673886667e-05 0.00020188750438184352 -0.00064775511182396358 -0.00013690327316838262 0.0013182980103589347 -3.9090491394348315e-05 0.0011198409823035555 0.00037636886321133788 -0.00085937275005098276 5.1285681335040986e-05 -0.00066598064685016516 -0.0012964766201131591 0.00051135730584730835 -0.0001753619010699119 -0.00077372598965200602
leaf_weight=523 1125 200 103 82 274 83 126 93 88 129 81 283 494 276
leaf_count=523 1125 200 103 82 274 83 126 93 88 129 81 283 494 276
internal_value=-1.25402e-05 -0.000115922 -0.000375519 0.000344832 -0.000166316 2.2673e-06 5.84769e-05 -0.000167768 0.000573436 -0.000240909 -0.000726402 0.000244283 -6.28105e-05 -0.000601474
internal_weight=3960 3072 1234 888 774 574 1838 713 171 403 460 806 620 379
internal_count=3960 3072 1234 888 774 574 1838 713 171 403 460 806 620 379
is_linear=0
shrinkage=0.03


Tree=2
num_leaves=15
num_cat=0
split_feature=4 2 21 22 14 21 16 3 5 13 25 25 24 4
split_gain=0.153097 0.103916 0.0920408 0.0619881 0.0649933 0.111882 0.0861358 0.0525007 0.0576978 0.0470296 0.0561644 0.0453733 0.0666181 0.0424823
threshold=0.005827556621721062 0.064451947940486601 0.05339399959584417 0.30500000000000005 3.3450000000000002 0.069590908228348403 0.021882816048585111 0.010924543345908489 -0.0038856505111854031 0.95670432097574565 0.025603248149199249 0.036344477563377948 -0.094163102986781475 0.007529925228073951
decision_type=10 10 10 2 2 10 10 10 10 10 10 10 10 10
left_child=2 3 -1 4 6 9 13 11 -9 10 -6 -5 -13 -2
right_child=1 -3 -4 7 5 -7 -8 8 -10 -11 -12 12 -14 -15
leaf_value=0.00021077082183882 -0.00031834450672170569 -0.001116860152319229 0.0010894161154422909 8.6239820226859766e-05 -6.5041091444243511e-05 -0.0010780957681042736 0.0013209182979470051 -8.7962047998181475e-05 -0.00062036115071997051 -0.00025992060570697326 0.00068510400269222152 0.00047141901768433549 -0.00042441710713635644 0.00052994269747397901
leaf_weight=764 91 89 124 773 180 82 80 338 400 205 178 89 442 125
leaf_count=764 91 89 124 773 180 82 80 338 400 205 178 89 442 125
internal_value=-1.21709e-05 -0.000112472 0.000334552 -8.21409e-05 0.00011923 -4.97901e-05 0.000486463 -0.00017495 -0.000376974 0.000101627 0.000308806 -6.04134e-05 -0.000273664 0.000172742
internal_weight=3960 3072 888 2983 941 645 296 2042 738 563 358 1304 531 216
internal_count=3960 3072 888 2983 941 645 296 2042 738 563 358 1304 531 216
is_linear=0
shrinkage=0.03


Tree=3
num_leaves=15
num_cat=0
split_feature=10 6 28 18 17 21 10 12 24 13 13 21 20 2
split_gain=0.14377 0.212745 0.0831293 0.0685674 0.166373 0.0501342 0.0574795 0.0436956 0.0436696 0.0331893 0.032783 0.0250194 0.0247095 0.0241091
threshold=20.345000000000002 -2.3367548417752428 0.019998880041208849 2.3950000000000005 0.066487038587407996 0.024484149335620525 14.135000000000003 -0.060810549113036842 0.15256555399144328 2.2567149793455745 0.57212235630787101 0.029199855803534635 0.054067221270275807 0.030578477004612917
decision_type=2 10 10 2 10 8 2 10 8 10 10 10 10 10
left_child=5 -2 3 4 7 6 8 -3 -1 -4 -7 -12 -9 -8
right_child=1 2 9 -5 -6 10 13 12 -10 -11 11 -13 -14 -15
leaf_value=0.00032780799466657778 0.001220046038420319 -0.00074553019919945814 -0.00092952265559662398 -0.00086766520990100347 0.00078227837233258324 -0.00026140326163790785 0.00016105856922886419 1.6582713360548951e-05 0.00096949807522187534 -0.00040593917667462335 -0.00025091005736657354 0.00016828144984356184 -0.0005329737405764507 -0.00022143121276310354
leaf_weight=424 80 156 244 111 158 382 783 252 123 201 162 599 103 182
leaf_count=424 80 156 244 111 158 382 783 252 123 201 162 599 103 182
internal_value=-1.18026e-05 -0.000269516 -0.000367709 -0.000180638 -6.55221e-05 0.000114924 0.000228212 -0.000328676 0.000473606 -0.000694468 -3.5006e-05 7.88327e-05 -0.000143915 8.87661e-05
internal_weight=3960 1305 1225 780 669 2655 1512 511 547 445 1143 761 355 965
internal_count=3960 1305 1225 780 669 2655 1512 511 547 445 1143 761 355 965
is_linear=0
shrinkage=0.03


Tree=4
num_leaves=15
num_cat=0
split_feature=4 10 28 3 18 22 3 6 14 14 2 14 9 24
split_gain=0.13915 0.133079 0.0882551 0.0859205 0.0689818 0.107993 0.0598589 0.0527431 0.0506782 0.0365865 0.0362513 0.0358691 0.0342841 0.0339265
threshold=0.005827556621721062 20.205000000000002 0.018766918828684257 0.013479167733480896 2.3950000000000005 0.33500000000000008 0.010500106112086438 1.3812280830239303 1.9450000000000001 4.4250000000000007 -0.032453438452586074 3.7250000000000005 0.003565453504881739 0.043989611864432905
decision_type=10 2 10 8 2 2 10 10 2 2 10 2 10 8
left_child=3 6 4 -1 5 -3 9 -8 10 11 -7 12 -2 -4
right_child=1 2 13 -5 -6 8 7 -9 -10 -11 -12 -13 -14 -15
leaf_value=0.00022540971002037039 0.00040364925907238812 0.000901982501195016 -0.0004047609724802382 0.0012509040089531077 -0.00082788344777962356 7.4840101275455072e-05 -5.9693357548885918e-05 -0.00082241271151244598 0.00015341784085844015 -0.00021359497185218507 -0.00068737562321858562 0.00068268668644701723 8.6886892296547303e-06 -0.00088256714210337324
leaf_weight=808 352 99 282 80 105 80 620 93 223 170 186 153 450 259
leaf_count=808 352 99 282 80 105 80 620 93 223 170 186 153 450 259
internal_value=-1.14528e-05 -0.000107076 -0.000347922 0.0003191 -0.000123442 3.5427e-06 5.47251e-05 -0.000160191 -0.00017982 0.000190955 -0.000458716 0.000263118 0.000182325 -0.000634714
internal_weight=3960 3072 1234 888 693 588 1838 713 489 1125 266 955 802 541
internal_count=3960 3072 1234 888 693 588 1838 713 489 1125 266 955 802 541
is_linear=0
shrinkage=0.03


Tree=5
num_leaves=15
num_cat=0
split_feature=4 28 17 3 21 14 17 9 24 16 17 13 17 28
split_gain=0.12119 0.0901453 0.0814533 0.0664897 0.0738577 0.0544872 0.0794935 0.0588896 0.0539887 0.0600499 0.0513221 0.0437509 0.0429559 0.0301848
threshold=0.005827556621721062 0.018268373512219684 0.060818972109211715 0.010924543345908489 0.0022360679774673245 4.455000000000001 0.065609485062395168 0.0041059029875197819 -0.033061113277235148 -0.033793840742191154 0.050935976325290407 1.6561524450909675 0.041534703278565017 0.0078114599163418104
decision_type=10 10 10 10 10 2 10 10 8 10 10 10 10 8
left_child=2 3 13 5 -5 6 7 11 9 -3 -10 12 -2 -1
right_child=1 8 -4 4 -6 -7 -8 -9 10 -11 -12 -13 -14 -15
leaf_value=0.00073426953938426345 0.00017913735268430941 -0.00038893280655513478 0.0012069957863317846 0.00056272334922405495 -0.00034492107881255407 -0.00049186725767405299 0.00081783830078515729 -0.0001924282097678145 -0.00017838159889888431 0.00061674953533454133 -0.00072352388246508777 -9.4465611424779592e-05 0.00070785244673492057 0.00015373985014048992
leaf_weight=90 354 118 82 92 612 117 155 414 275 96 359 240 227 716
leaf_count=90 354 118 82 92 612 117 155 414 275 96 359 240 227 716
internal_value=3.5131e-06 -8.60657e-05 0.000311846 1.48279e-05 -0.000225679 0.000127256 0.000179686 9.89969e-05 -0.000348834 6.29847e-05 -0.00048772 0.000246007 0.000386571 0.000219393
internal_weight=3947 3059 888 2211 704 1507 1390 1235 848 214 634 821 581 806
internal_count=3947 3059 888 2211 704 1507 1390 1235 848 214 634 821 581 806
is_linear=0
shrinkage=0.03


Tree=6
num_leaves=15
num_cat=0
split_feature=3 6 10 2 13 6 18 18 18 21 2 12 3 22
split_gain=0.0970033 0.0913272 0.0744279 0.0759873 0.062367 0.0550929 0.0466213 0.0651061 0.129765 0.062634 0.0385135 0.0357812 0.0479797 0.0304317
threshold=0.010500106112086438 -2.3367548417752428 19.675000000000004 -0.045249092492994684 3.0482529135579739 1.5744691151085026 4.8850000000000007 2.7950000000000004 1.5550000000000004 0.090115404135929791 0.0083594573407195245 0.10501582148721146 0.0070240301777868023 1.4850000000000001
decision_type=10 10 2 10 10 10 2 2 2 10 10 10 8 2
left_child=2 -2 -1 -4 11 6 7 8 10 -9 -3 12 -5 -14
right_child=1 5 3 4 -6 -7 -8 9 -10 -11 -12 -13 13 -15
leaf_value=0.00021174492578670748 0.00073823781634865576 -0.0001426503133735329 0.00067736441017719762 -0.0010208315010955134 0.00049048634795326499 -0.00081519312977546433 0.0002612402883670783 -0.00030170784113005012 0.000862550035248701 -0.0013906270290405141 -0.00063210548195774064 -9.9751747152720553e-05 0.00013352619308789961 -0.00063378525100474964
leaf_weight=1860 86 445 88 131 86 145 170 113 98 82 214 244 88 97
leaf_count=1860 86 445 88 131 86 145 170 113 98 82 214 244 88 97
internal_value=3.4272e-06 -0.000202414 0.000110828 -0.000144841 -0.000257718 -0.000266794 -0.00019526 -0.000276966 -0.00015057 -0.000764371 -0.00030231 -0.000373291 -0.000583523 -0.000270038
internal_weight=3947 1353 2594 734 646 1267 1122 952 757 195 659 560 316 185
internal_count=3947 1353 2594 734 646 1267 1122 952 757 195 659 560 316 185
is_linear=0
shrinkage=0.03


Tree=7
num_leaves=15
num_cat=0
split_feature=4 2 21 28 24 3 14 21 23 13 14 4 4 13
split_gain=0.109132 0.0834288 0.076505 0.0717516 0.0546006 0.049457 0.0538276 0.0516391 0.043578 0.0306116 0.0290404 0.0274119 0.0421684 0.0417129
threshold=0.005827556621721062 0.064451947940486601 0.05339399959584417 0.018268373512219684 0.043989611864432905 0.01037192818352472 4.455000000000001 0.0022360679774673245 -0.22747258268576717 1.1304833592146779 2.1950000000000007 0.0068196660767146601 0.009572051305769996 1.6477248971220739
decision_type=10 10 10 10 10 10 2 10 10 10 2 10 10 10
left_child=2 3 9 5 -5 6 8 -7 -2 -1 -11 13 -13 -10
right_child=1 -3 -4 4 -6 7 -8 -9 11 10 -12 12 -14 -15
leaf_value=3.6757295521527043e-05 0.00070703013019455185 -0.00095211705021938534 0.0009841012149536981 -0.00012699137531916081 -0.00065763722294843096 0.00045034336719594495 -0.00048061514758623874 -0.00026170853401980877 9.8615125684947669e-05 0.00010248127540748975 0.00071069298209348582 0.00041099766733277272 -3.9085238218546027e-05 -0.00065465950466395313
leaf_weight=480 134 95 124 555 254 106 114 641 286 132 152 484 305 85
leaf_count=480 134 95 124 555 254 106 114 641 286 132 152 484 305 85
internal_value=3.31176e-06 -8.16942e-05 0.000295904 -5.34843e-05 -0.000294203 3.69776e-05 0.000141628 -0.000160201 0.000196776 0.000183067 0.000429355 0.000137274 0.000237182 -7.52639e-05
internal_weight=3947 3059 888 2964 809 2155 1408 747 1294 764 284 1160 789 371
internal_count=3947 3059 888 2964 809 2155 1408 747 1294 764 284 1160 789 371
is_linear=0
shrinkage=0.03


Tree=8
num_leaves=15
num_cat=0
split_feature=6 10 28 18 18 10 14 14 25 10 24 22 13 6
split_gain=0.0886047 0.132655 0.0831745 0.064201 0.112574 0.0480377 0.040926 0.0531789 0.0488855 0.0399049 0.0349535 0.0345906 0.0336673 0.0263677
threshold=inf 20.345000000000002 0.019616192068449379 2.3950000000000005 0.80000000000000016 11.995000000000003 4.4050000000000011 3.7250000000000005 0.035054462815389563 14.495000000000003 0.15256555399144328 1.7550000000000001 2.1672100298503536 -1.1833133731619463
decision_type=8 2 10 2 2 2 2 2 10 2 10 2 10 10
left_child=1 5 3 4 11 -1 7 9 -9 10 -7 13 -4 -3
right_child=-2 2 12 -5 -6 6 -8 8 -10 -11 -12 -13 -14 -15
leaf_value=-0.00017942844608935643 0.00088034186481831286 0.00010636295222051055 -0.00081246030143386841 -0.00074456857748518167 0.00074597389943368111 0.00024806553040187515 -0.00018708080635406076 0.00013454097998166818 0.00098639935471781306 3.0704991145690243e-05 0.0009130398321203978 0.00018267891774667076 -0.00029723866131355271 -0.00049655040547600293
leaf_weight=451 100 86 265 112 151 551 266 107 140 1009 81 159 203 266
leaf_count=451 100 86 265 112 151 551 266 107 140 1009 81 159 203 266
internal_value=3.2149e-06 -1.98082e-05 -0.000274816 -8.36709e-05 2.9097e-05 0.000101832 0.000160778 0.00020986 0.000619406 0.000147877 0.000334599 -0.000183783 -0.000590088 -0.000349364
internal_weight=3947 3847 1242 774 662 2605 2154 1888 247 1641 632 511 468 352
internal_count=3947 3847 1242 774 662 2605 2154 1888 247 1641 632 511 468 352
is_linear=0
shrinkage=0.03


Tree=9
num_leaves=15
num_cat=0
split_feature=3 6 10 2 13 6 14 21 22 10 12 3 22 5
split_gain=0.0838422 0.080087 0.0640789 0.0694612 0.0563242 0.0511365 0.0434565 0.0383579 0.0337375 0.038335 0.0324994 0.0451357 0.0274518 0.0267277
threshold=0.010500106112086438 -2.3367548417752428 19.675000000000004 -0.045249092492994684 3.0482529135579739 1.5744691151085026 4.455000000000001 0.0022360679774673245 0.23500000000000001 15.625000000000002 0.10501582148721146 0.0070240301777868023 1.4850000000000001 -0.010216018204367709
decision_type=10 10 2 10 10 10 2 10 2 2 10 8 2 10
left_child=2 -2 6 -4 10 7 8 -3 9 -1 11 -5 -13 -9
right_child=1 5 3 4 -6 -7 -8 13 -10 -11 -12 12 -14 -15
leaf_value=0.00081444890238426416 0.00069262336212981101 0.00035831842552498628 0.00065184291757841388 -0.00097647957897358786 0.00046884475071143746 -0.00077685067079297893 -0.00021460911113535986 -2.1970738961567936e-05 0.00018587643436329112 9.284775444114946e-05 -9.1334927938041053e-05 0.00013480951461000525 -0.00059390682757984163 -0.00034695887043426749
leaf_weight=177 86 107 88 131 86 145 205 345 1372 106 244 88 97 670
leaf_count=177 86 107 88 131 86 145 205 345 1372 106 244 88 97 670
internal_value=3.12993e-06 -0.000188238 0.00010298 -0.00013425 -0.000242176 -0.000248528 0.000196618 -0.00017962 0.000247654 0.000545446 -0.000352009 -0.000552366 -0.000248413 -0.000236625
internal_weight=3947 1353 2594 734 646 1267 1860 1122 1655 283 560 316 185 1015
internal_count=3947 1353 2594 734 646 1267 1860 1122 1655 283 560 316 185 1015
is_linear=0
shrinkage=0.03


end of trees

feature_importances:
VIX_vol_20d=13
VIX_lvl=12
DGS10_lvl=11
vol_20d=10
zscore_60d=10
DFF_vol_20d=10
vol_60d=9
ret_20d=8
DFF_lvl=8
DGS10_vol_20d=7
T10Y2Y_lvl=7
T10Y2Y_ret_20d=7
COPPER_vol_20d=7
VIX_ret_20d=5
dist_sma20=4
DXY_vol_20d=3
DGS10_ret_20d=3
T10Y2Y_vol_20d=3
T10Y2Y_ret_5d=2
DFF_ret_20d=1

parameters:
[boosting: gbdt]
[objective: regression]
[metric: rmse]
[tree_learner: serial]
[device_type: cpu]
[data_sample_strategy: bagging]
[data: ]
[valid: ]
[num_iterations: 600]
[learning_rate: 0.03]
[num_leaves: 15]
[num_threads: 0]
[seed: 0]
[deterministic: 0]
[force_col_wise: 0]
[force_row_wise: 0]
[histogram_pool_size: -1]
[max_depth: -1]
[min_data_in_leaf: 80]
[min_sum_hessian_in_leaf: 0.001]
[bagging_fraction: 0.8]
[pos_bagging_fraction: 1]
[neg_bagging_fraction: 1]
[bagging_freq: 5]
[bagging_seed: 3]
[bagging_by_query: 0]
[feature_fraction: 0.8]
[feature_fraction_bynode: 1]
[feature_fraction_seed: 2]
[extra_trees: 0]
[extra_seed: 6]
[early_stopping_round: 0]
[early_stopping_min_delta: 0]
[first_metric_only: 0]
[max_delta_step: 0]
[lambda_l1: 0]
[lambda_l2: 1]
[linear_lambda: 0]
[min_gain_to_split: 0]
[drop_rate: 0.1]
[max_drop: 50]
[skip_drop: 0.5]
[xgboost_dart_mode: 0]
[uniform_drop: 0]
[drop_seed: 4]
[top_rate: 0.2]
[other_rate: 0.1]
[min_data_per_group: 100]
[max_cat_threshold: 32]
[cat_l2: 10]
[cat_smooth: 10]
[max_cat_to_onehot: 4]
[top_k: 20]
[monotone_constraints: ]
[monotone_constraints_method: basic]
[monotone_penalty: 0]
[feature_contri: ]
[forcedsplits_filename: ]
[refit_decay_rate: 0.9]
[cegb_tradeoff: 1]
[cegb_penalty_split: 0]
[cegb_penalty_feature_lazy: ]
[cegb_penalty_feature_coupled: ]
[path_smooth: 0]
[interaction_constraints: ]
[verbosity: -1]
[saved_feature_importance_type: 0]
[use_quantized_grad: 0]
[num_grad_quant_bins: 4]
[quant_train_renew_leaf: 0]
[stochastic_rounding: 1]
[linear_tree: 0]
[max_bin: 255]
[max_bin_by_feature: ]
[min_data_in_bin: 3]
[bin_construct_sample_cnt: 200000]
[data_random_seed: 1]
[is_enable_sparse: 1]
[enable_bundle: 1]
[use_missing: 1]
[zero_as_missing: 0]
[feature_pre_filter: 1]
[pre_partition: 0]
[two_round: 0]
[header: 0]
[label_column: ]
[weight_column: ]
[group_column: ]
[ignore_column: ]
[categorical_feature: ]
[forcedbins_filename: ]
[precise_float_parser: 0]
[parser_config_file: ]
[objective_seed: 5]
[num_class: 1]
[is_unbalance: 0]
[scale_pos_weight: 1]
[sigmoid: 1]
[boost_from_average: 1]
[reg_sqrt: 0]
[alpha: 0.9]
[fair_c: 1]
[poisson_max_delta_step: 0.7]
[tweedie_variance_power: 1.5]
[lambdarank_truncation_level: 30]
[lambdarank_norm: 1]
[label_gain: ]
[lambdarank_position_bias_regularization: 0]
[eval_at: ]
[multi_error_top_k: 1]
[auc_mu_weights: ]
[num_machines: 1]
[local_listen_port: 12400]
[time_out: 120]
[machine_list_filename: ]
[machines: ]
[gpu_platform_id: -1]
[gpu_device_id: -1]
[gpu_use_dp: 0]
[num_gpu: 1]

end of parameters

pandas_categorical:[]
