tree
version=v4
num_class=1
num_tree_per_iteration=1
label_index=0
max_feature_idx=28
objective=binary sigmoid:1
feature_names=ret_1d ret_5d ret_20d vol_20d vol_60d dist_sma20 zscore_60d DXY_ret_5d DXY_ret_20d DXY_vol_20d VIX_lvl VIX_ret_5d VIX_ret_20d VIX_vol_20d DGS10_lvl DGS10_ret_5d DGS10_ret_20d DGS10_vol_20d DFF_lvl DFF_ret_5d DFF_ret_20d DFF_vol_20d T10Y2Y_lvl T10Y2Y_ret_5d T10Y2Y_ret_20d T10Y2Y_vol_20d BRENT_ret_5d BRENT_ret_20d BRENT_vol_20d
feature_infos=[-0.10589047743727331:0.10657144443668987] [-0.10145285281411365:0.12789268759543582] [-0.11952048408866478:0.20562866347565212] [0.00031483210175603819:0.040451709115400747] [0.00099258323607229627:0.025736691424419981] [-0.07378557317470158:0.14254904830952667] [-5.9609592715878792:4.8573078925593567] [-0.079974460780886325:0.052918397191728417] [-0.10161625382829964:0.11629473925670908] [0.0012965675371935925:0.01288712818343282] [9.1400000000000006:82.689999999999998] [-0.55909291210651668:1.1407237740182365] [-0.76225097212909132:1.7991637635396711] [0.21885828147095893:10.231592920176725] [0.52000000000000002:5.2599999999999998] [-0.71149631922814183:0.36396537720141164] [-1.0608719606852626:0.36412376795172297] [0.015861240410776269:0.14514149176434346] [0.040000000000000001:5.4100000000000001] [-1.9924301646902063:1.4170660197866445] [-3.0910424533583156:1.5040773967762742] [0:0.61974082019060694] [-1.0800000000000001:2.9100000000000001] [-2.4849066497879999:2.3978952727983707] [-3.1354942159291492:3.0910424533583152] [0.0085069630922340617:0.13247045350806183] [-0.8686840776068232:0.53680111016925114] [-1.2578486197194674:1.287854288306638] [0.0051420499435602838:0.21913587910708232]
tree_sizes=1689 1757 1725 1723 1756

Tree=0
num_leaves=15
num_cat=0
split_feature=4 17 8 6 8 6 4 6 4 9 16 13 18 23
split_gain=140.234 67.1719 60.578 48.7268 34.9112 32.1063 30.76 28.1579 26.7411 25.7394 25.3123 18.4901 34.2452 18.2807
threshold=0.011958351862124949 0.052503132738613185 0.022281825171845963 -0.12160467935125391 -0.015429950927845047 1.7260055354816186 0.007727848468549665 1.3141647950138238 0.014192783420987157 0.0041091229263850821 0.047742917058544838 1.4180290249728627 0.24500000000000002 0.16651961106871369
decision_type=8 10 10 10 8 8 10 10 10 10 10 10 2 10
left_child=1 13 3 4 8 10 -3 -8 -2 -5 -4 -11 -13 -1
right_child=2 6 5 9 -6 -7 7 -9 -10 11 -12 12 -14 -15
leaf_value=-1.3540179210439434 -1.331772904116878 -1.3628690268397943 -1.3288568376124923 -1.2784823080191154 -1.3447401175998164 -1.25207902495166 -1.3270006886429659 -1.2879431067086562 -1.2846098315547099 -1.332415816389972 -1.2746473517501984 -1.3288568376124923 -1.2673255018106073 -1.3227427798747866
leaf_weight=244.65357898175716 25.770397245883942 16.519485414028168 17.34545968472958 23.953253850340843 84.249375611543655 16.849875122308731 96.4737948179245 19.162603080272675 17.675849393010139 29.404684036970139 13.215588331222532 17.34545968472958 14.537147164344786 17.510654538869858
leaf_count=1481 156 100 105 145 510 102 584 116 107 178 80 105 88 106
internal_value=-1.33186 -1.34313 -1.31481 -1.32175 -1.33351 -1.28449 -1.32573 -1.3202 -1.31194 -1.30433 -1.30433 -1.31514 -1.29968 -1.3519
internal_weight=654.667 394.32 260.347 212.936 127.696 47.4109 132.156 115.636 43.4462 85.2405 30.561 61.2873 31.8826 262.164
internal_count=3963 2387 1576 1289 773 287 800 700 263 516 185 371 193 1587
is_linear=0
shrinkage=1


Tree=1
num_leaves=15
num_cat=0
split_feature=28 5 3 4 3 17 17 16 4 6 25 3 13 4
split_gain=154.226 57.6102 53.2622 44.3834 43.5714 34.4839 33.2962 32.5751 29.3061 28.1854 45.973 26.711 16.2812 15.6754
threshold=0.020956634723893242 -0.00032028025539530304 0.0059648263078304377 0.015948387148784122 0.014751432299938246 0.048218253804965049 0.062944210184274776 0.051663342704606381 0.014030800217139991 0.87406055409235706 0.044091704961740967 0.011428597084924757 2.9032904469176981 0.01085842852191452
decision_type=10 10 8 8 8 10 10 10 10 10 10 10 10 10
left_child=2 5 -1 9 -5 -2 11 8 -7 -4 13 -3 -8 -11
right_child=1 6 3 4 -6 7 12 -9 -10 10 -12 -13 -14 -15
leaf_value=-0.028504906820699425 -0.013596591221009112 0.0030027776700236614 -0.014638530707251001 0.062947411590138461 0.0011057688784606526 -0.0088237534069845851 0.072753297752967239 0.051770375045660642 0.033777049000758924 -0.020697391827505733 0.044590838011761162 0.039191751196628336 0.028904085654044159 0.015458095003425662
leaf_weight=109.84765885770321 50.008982494473457 33.658569470047951 194.41520889103413 15.104633420705794 28.324386641383171 38.466223269701004 23.965383678674698 18.467753022909164 22.071438059210777 31.066526412963867 20.131437003612518 39.851999402046204 13.864789783954619 15.394581764936445
leaf_count=672 304 204 1182 90 170 233 143 111 132 190 120 238 82 92
internal_value=0.000387913 0.0194587 -0.0106966 -0.00419863 0.023547 0.00573282 0.0351707 0.017985 0.00700457 -0.00888748 0.00787075 0.0228844 0.0578408 -0.00864422
internal_weight=654.64 240.355 414.284 304.437 43.429 129.014 111.341 79.0054 60.5377 261.008 66.5925 73.5106 37.8302 46.4611
internal_count=3963 1447 2516 1844 260 780 667 476 365 1584 402 442 225 282
is_linear=0
shrinkage=0.03


Tree=2
num_leaves=15
num_cat=0
split_feature=4 25 3 6 22 4 22 14 13 6 22 14 2 22
split_gain=124.48 59.4782 52.395 41.274 37.1475 38.4799 25.796 44.4578 41.2488 41.5792 24.1535 37.7696 33.9652 24.0364
threshold=0.011889318292602596 0.043075820546908568 0.0045555695617292046 -0.017253221342676057 1.405 0.014251737347478073 1.8250000000000004 3.8350000000000004 2.0916141483237545 -0.97803058296802348 0.68500000000000016 2.3250000000000006 -0.014436482739387467 2.3250000000000006
decision_type=8 10 10 8 2 10 2 2 10 10 2 2 10 2
left_child=1 10 -2 4 -4 -6 7 8 9 -3 11 -1 -13 -5
right_child=2 6 3 13 5 -7 -8 -9 -10 -11 -12 12 -14 -15
leaf_value=0.015332966663232146 -0.024765626899106854 0.018552100817482743 -0.0072643299360059576 0.035635387153332518 -0.0014475496710192248 0.054952470949403399 -0.014738770018695054 -0.016673704431608427 0.00097231504520053772 0.09144348149431808 -0.025555806948462646 0.012514422260456343 -0.028329709530408548 -0.0055620689238007354
leaf_weight=42.059184148907661 24.893748924136162 14.019223734736444 67.740463733673096 120.253283649683 20.660083100199699 21.898654520511627 26.475172311067581 20.521682381629944 19.139703348278999 14.574531629681585 150.9776916205883 23.629964739084244 73.730790004134178 13.964241877198218
leaf_count=257 152 85 410 704 126 128 160 124 114 87 933 145 455 83
internal_value=0.000381495 -0.0105508 0.0159906 0.0202239 0.0065376 0.0281685 0.0100137 0.019689 0.0353435 0.0575401 -0.0172704 -0.00818008 -0.0183902 0.0313397
internal_weight=654.538 385.128 269.41 244.517 110.299 42.5587 94.7303 68.2551 47.7335 28.5938 290.398 139.42 97.3608 134.218
internal_count=3963 2360 1603 1451 664 254 570 410 286 172 1790 857 600 787
is_linear=0
shrinkage=0.03


Tree=3
num_leaves=15
num_cat=0
split_feature=28 14 21 1 18 24 14 21 12 10 13 18 6 28
split_gain=137.909 58.7037 48.7108 42.509 41.3096 46.35 34.9564 26.7207 25.6467 20.3633 18.6528 16.1536 15.741 15.7208
threshold=0.020956634723893242 3.9750000000000005 0.0098340395201285489 -0.013811053089294754 4.6050000000000013 0.87314854757564886 2.2550000000000003 0.035758694194926062 -0.27531142651929102 22.23 2.0916141483237545 0.24500000000000002 0.35031248400848397 0.015900850023191467
decision_type=10 2 10 10 2 8 2 10 8 2 8 2 8 10
left_child=4 2 9 10 8 -6 7 11 -1 -2 -4 -5 -3 -7
right_child=1 12 3 6 5 13 -8 -9 -10 -11 -12 -13 -14 -15
leaf_value=0.01481256523067272 -0.011688511538481935 -0.032167317445545962 0.023738096309653858 0.019791629512406112 0.05770224034590124 0.017204870439169673 0.065763998297622875 -0.0072390451044175696 -0.016403981327809947 0.019108163576785631 -0.017888823385563999 0.061832289285722639 0.007582090841196887 -0.018026578336782076
leaf_weight=24.774054318666458 34.887845695018768 21.97326985001564 26.707498490810394 17.677205607295036 14.397525370121 19.285414427518845 43.577233448624611 13.692039892077444 326.19294835627079 40.986577674746513 14.013086766004561 17.042970418930054 14.179273352026938 25.048503175377846
leaf_count=151 213 135 158 103 85 117 250 80 2011 243 82 100 83 152
internal_value=0.000367707 0.0181437 0.0242503 0.0351482 -0.0102693 0.0128561 0.0463548 0.0279067 -0.0141646 0.00497969 0.00932769 0.0415813 -0.0167929 -0.00265932
internal_weight=654.435 244.737 208.584 132.71 409.698 58.7314 91.9894 48.4122 350.967 75.8744 40.7206 34.7202 36.1525 44.3339
internal_count=3963 1447 1229 773 2516 354 533 283 2162 456 240 203 218 269
is_linear=0
shrinkage=0.03


Tree=4
num_leaves=15
num_cat=0
split_feature=28 14 3 21 4 1 3 3 14 6 16 21 9 22
split_gain=129.271 54.5923 50.1867 44.3324 40.1277 38.1755 37.3677 33.7493 30.4528 26.6031 25.1133 24.408 17.9604 17.5361
threshold=0.020956634723893242 3.9750000000000005 0.0059648263078304377 0.0098340395201285489 0.015948387148784122 -0.013811053089294754 0.014751432299938246 0.011021017378443779 2.2550000000000003 0.87406055409235706 -0.038593555457009703 0.035758694194926062 0.0041950335923719526 0.74500000000000011
decision_type=10 2 8 10 8 10 8 10 2 10 8 10 10 2
left_child=2 3 -1 7 9 -5 -6 13 11 -4 -11 -7 -12 -2
right_child=1 -3 4 5 6 8 -8 -9 -10 10 12 -13 -14 -15
leaf_value=-0.027693882157885329 0.0061245809372889029 -0.016472664569509427 -0.01396834661109515 0.0090008301678684219 0.057728017093388345 0.039514098910859961 0.0012399368296778415 0.034970312907708245 0.061633551495615696 0.032338624300956999 -0.021423351429405442 -0.007063802091843905 0.01708991742526449 -0.028136916868531293
leaf_weight=105.82073989510536 31.787271812558174 35.79590368270874 190.80898499488831 40.939650863409042 15.857273727655409 35.50779989361763 28.24335965514183 22.343241184949875 45.144582524895668 23.351316273212433 25.491528391838074 13.636431396007536 17.575046718120575 21.950246840715408
leaf_count=672 191 218 1182 240 90 203 170 129 250 139 159 80 104 136
internal_value=0.000359008 0.0174361 -0.0100227 0.0232308 -0.00374581 0.0334785 0.022381 0.00481806 0.0439006 -0.00829448 0.00797113 0.0267066 -0.00567531 -0.00812863
internal_weight=654.253 247.105 407.148 211.309 301.328 135.228 44.1006 76.0808 94.2888 257.227 66.4179 49.1442 43.0666 53.7375
internal_count=3963 1447 2516 1229 1844 773 260 456 533 1584 402 283 263 327
is_linear=0
shrinkage=0.03


end of trees

feature_importances:
vol_60d=9
zscore_60d=8
vol_20d=7
DGS10_lvl=6
T10Y2Y_lvl=5
VIX_vol_20d=4
DFF_vol_20d=4
BRENT_vol_20d=4
DGS10_ret_20d=3
DGS10_vol_20d=3
DFF_lvl=3
ret_5d=2
DXY_ret_20d=2
DXY_vol_20d=2
T10Y2Y_vol_20d=2
ret_20d=1
dist_sma20=1
VIX_lvl=1
VIX_ret_20d=1
T10Y2Y_ret_5d=1
T10Y2Y_ret_20d=1

parameters:
[boosting: gbdt]
[objective: binary]
[metric: binary_logloss]
[tree_learner: serial]
[device_type: cpu]
[data_sample_strategy: bagging]
[data: ]
[valid: ]
[num_iterations: 600]
[learning_rate: 0.03]
[num_leaves: 15]
[num_threads: 0]
[seed: 0]
[deterministic: 0]
[force_col_wise: 0]
[force_row_wise: 0]
[histogram_pool_size: -1]
[max_depth: -1]
[min_data_in_leaf: 80]
[min_sum_hessian_in_leaf: 0.001]
[bagging_fraction: 0.8]
[pos_bagging_fraction: 1]
[neg_bagging_fraction: 1]
[bagging_freq: 5]
[bagging_seed: 3]
[bagging_by_query: 0]
[feature_fraction: 0.8]
[feature_fraction_bynode: 1]
[feature_fraction_seed: 2]
[extra_trees: 0]
[extra_seed: 6]
[early_stopping_round: 0]
[early_stopping_min_delta: 0]
[first_metric_only: 0]
[max_delta_step: 0]
[lambda_l1: 0]
[lambda_l2: 1]
[linear_lambda: 0]
[min_gain_to_split: 0]
[drop_rate: 0.1]
[max_drop: 50]
[skip_drop: 0.5]
[xgboost_dart_mode: 0]
[uniform_drop: 0]
[drop_seed: 4]
[top_rate: 0.2]
[other_rate: 0.1]
[min_data_per_group: 100]
[max_cat_threshold: 32]
[cat_l2: 10]
[cat_smooth: 10]
[max_cat_to_onehot: 4]
[top_k: 20]
[monotone_constraints: ]
[monotone_constraints_method: basic]
[monotone_penalty: 0]
[feature_contri: ]
[forcedsplits_filename: ]
[refit_decay_rate: 0.9]
[cegb_tradeoff: 1]
[cegb_penalty_split: 0]
[cegb_penalty_feature_lazy: ]
[cegb_penalty_feature_coupled: ]
[path_smooth: 0]
[interaction_constraints: ]
[verbosity: -1]
[saved_feature_importance_type: 0]
[use_quantized_grad: 0]
[num_grad_quant_bins: 4]
[quant_train_renew_leaf: 0]
[stochastic_rounding: 1]
[linear_tree: 0]
[max_bin: 255]
[max_bin_by_feature: ]
[min_data_in_bin: 3]
[bin_construct_sample_cnt: 200000]
[data_random_seed: 1]
[is_enable_sparse: 1]
[enable_bundle: 1]
[use_missing: 1]
[zero_as_missing: 0]
[feature_pre_filter: 1]
[pre_partition: 0]
[two_round: 0]
[header: 0]
[label_column: ]
[weight_column: ]
[group_column: ]
[ignore_column: ]
[categorical_feature: ]
[forcedbins_filename: ]
[precise_float_parser: 0]
[parser_config_file: ]
[objective_seed: 5]
[num_class: 1]
[is_unbalance: 0]
[scale_pos_weight: 1]
[sigmoid: 1]
[boost_from_average: 1]
[reg_sqrt: 0]
[alpha: 0.9]
[fair_c: 1]
[poisson_max_delta_step: 0.7]
[tweedie_variance_power: 1.5]
[lambdarank_truncation_level: 30]
[lambdarank_norm: 1]
[label_gain: ]
[lambdarank_position_bias_regularization: 0]
[eval_at: ]
[multi_error_top_k: 1]
[auc_mu_weights: ]
[num_machines: 1]
[local_listen_port: 12400]
[time_out: 120]
[machine_list_filename: ]
[machines: ]
[gpu_platform_id: -1]
[gpu_device_id: -1]
[gpu_use_dp: 0]
[num_gpu: 1]

end of parameters

pandas_categorical:[]
