tree
version=v4
num_class=1
num_tree_per_iteration=1
label_index=0
max_feature_idx=28
objective=regression
feature_names=ret_1d ret_5d ret_20d vol_20d vol_60d dist_sma20 zscore_60d DXY_ret_5d DXY_ret_20d DXY_vol_20d VIX_lvl VIX_ret_5d VIX_ret_20d VIX_vol_20d DGS10_lvl DGS10_ret_5d DGS10_ret_20d DGS10_vol_20d DFF_lvl DFF_ret_5d DFF_ret_20d DFF_vol_20d T10Y2Y_lvl T10Y2Y_ret_5d T10Y2Y_ret_20d T10Y2Y_vol_20d BRENT_ret_5d BRENT_ret_20d BRENT_vol_20d
feature_infos=[-0.10589047743727331:0.10657144443668987] [-0.10145285281411365:0.12789268759543582] [-0.11952048408866478:0.20562866347565212] [0.00031483210175603819:0.040451709115400747] [0.00099258323607229627:0.025736691424419981] [-0.07378557317470158:0.14254904830952667] [-5.9609592715878792:4.8573078925593567] [-0.079974460780886325:0.052918397191728417] [-0.10161625382829964:0.11629473925670908] [0.0012965675371935925:0.01288712818343282] [9.1400000000000006:82.689999999999998] [-0.55909291210651668:1.1407237740182365] [-0.76225097212909132:1.7991637635396711] [0.21885828147095893:10.231592920176725] [0.52000000000000002:5.2599999999999998] [-0.71149631922814183:0.36396537720141164] [-1.0608719606852626:0.36412376795172297] [0.015861240410776269:0.14514149176434346] [0.040000000000000001:5.4100000000000001] [-1.9924301646902063:1.4170660197866445] [-3.0910424533583156:1.5040773967762742] [0:0.61974082019060694] [-1.0800000000000001:2.9100000000000001] [-2.4849066497879999:2.3978952727983707] [-3.1354942159291492:3.0910424533583152] [0.0085069630922340617:0.13247045350806183] [-0.8686840776068232:0.53680111016925114] [-1.2578486197194674:1.287854288306638] [0.0051420499435602838:0.21913587910708232]
tree_sizes=1500 1544 1543 1542 1552 1529 1543 1553 1540 1551 1542 1545 1555 1559 1553 1552 1533 1563 1548 1555 1563 1551 1552 1552 1568 1564 1553 1559 1569 1551 1556 1563 1552 1553 1559 1559 1550 1517 1555 1564 1569 1574 1532 1551 1542 1555 1562 1557 1554 1561

Tree=0
num_leaves=15
num_cat=0
split_feature=4 14 17 10 6 27 16 16 18 14 5 14 12 10
split_gain=0.206257 0.123861 0.158108 0.108718 0.102333 0.116066 0.0994579 0.080652 0.0792183 0.0733762 0.0662099 0.0609909 0.0466596 0.0629814
threshold=0.0090861328195320119 2.6350000000000002 0.060917329418423323 20.460000000000004 -2.6820789299923944 -0.041891625702078487 0.13823948390760324 -0.12458615979173758 0.35500000000000004 2.1450000000000005 -0.03396908985915871 4.8900000000000015 0.39063752505140475 30.010000000000002
decision_type=10 2 10 2 10 8 10 10 2 2 10 2 10 2
left_child=4 2 3 8 5 -1 10 -6 9 -2 -3 12 13 -12
right_child=1 6 -4 -5 7 -7 -8 -9 -10 -11 11 -13 -14 -15
leaf_value=0.0038159237389869707 0.0021744362721683964 0.0023735823172632816 0.0030078013519306609 0.0013334142812828857 0.0030813926814748822 0.002348414985345916 0.0026936250325045171 0.0021553261265238222 0.0018900236419065351 0.0032063543425762367 0.0015134531964331433 0.0022547362059676108 0.0021708176191522609 0.00067138441197618854
leaf_weight=81 176 97 152 192 90 120 82 1217 447 95 938 104 85 87
leaf_count=81 176 97 152 192 90 120 82 1217 447 95 938 104 85 87
internal_value=0.00204106 0.00187146 0.00211549 0.00196555 0.00231711 0.00294562 0.0016855 0.00221984 0.00213535 0.00253911 0.001622 0.00156173 0.00149668 0.00144071
internal_weight=3963 2455 1062 910 1508 201 1393 1307 718 271 1311 1214 1110 1025
internal_count=3963 2455 1062 910 1508 201 1393 1307 718 271 1311 1214 1110 1025
is_linear=0
shrinkage=1


Tree=1
num_leaves=15
num_cat=0
split_feature=4 3 9 10 16 22 4 25 22 10 5 4 4 25
split_gain=0.194117 0.161698 0.0772176 0.0932326 0.171862 0.0793443 0.086167 0.0542302 0.0486482 0.0901879 0.0481166 0.048109 0.0449452 0.0615676
threshold=0.0090861328195320119 0.01136195945290619 0.0035552391066161139 19.905000000000005 0.13823948390760324 -1.0000000180025095e-35 0.015866611929856198 0.039024274615399958 1.4350000000000003 15.695000000000002 -0.013699662190988518 0.01736884949748255 0.018045745115052397 0.061101724655232927
decision_type=10 10 10 2 10 2 10 10 2 2 10 10 10 10
left_child=1 -1 7 5 12 10 8 11 -7 -10 -4 -2 13 -5
right_child=2 -3 3 4 -6 6 -8 -9 9 -11 -12 -13 -14 -15
leaf_value=0.00016927004608041635 -0.00019233841725127741 0.0013173326301184716 0.00010442085292500754 -0.0004440575693685068 0.0010298547215212171 -6.6960367421023276e-05 0.0010200885455813715 -0.0011665634647943079 0.0012843762725565789 5.6708472409270515e-05 -0.00088596370634242739 -0.00090790386173933944 -0.00095029464023012181 0.00031807801616172079
leaf_weight=1389 381 119 80 619 80 416 114 86 80 161 97 108 121 112
leaf_count=1389 381 119 80 619 80 416 114 86 80 161 97 108 121 112
internal_value=-7.11618e-06 0.000260679 -0.000171651 -7.84944e-05 -0.000291415 0.00013092 0.000262447 -0.000475566 0.000129633 0.000467856 -0.00044026 -0.000351908 -0.00041654 -0.000327012
internal_weight=3963 1508 2455 1880 932 948 771 575 657 241 177 489 852 731
internal_count=3963 1508 2455 1880 932 948 771 575 657 241 177 489 852 731
is_linear=0
shrinkage=0.03


Tree=2
num_leaves=15
num_cat=0
split_feature=4 3 14 22 14 16 6 5 12 25 21 22 4 25
split_gain=0.182679 0.152231 0.111041 0.134836 0.146893 0.0873713 0.0743156 0.0628354 0.0540219 0.0755619 0.0515331 0.0410274 0.0764101 0.0578471
threshold=0.0090861328195320119 0.01136195945290619 2.6350000000000002 1.4950000000000003 2.1150000000000007 0.13823948390760324 0.85247244663212285 -0.017870446301625448 0.37583634707141417 0.0492469609000874 0.013168942730205265 1.0550000000000004 0.014625765198263221 0.026536965280826417
decision_type=10 10 2 2 2 10 10 10 10 10 10 2 10 10
left_child=1 -1 3 6 -5 7 11 -4 9 -9 -11 13 -13 -2
right_child=2 -3 5 4 -6 -7 -8 8 -10 10 -12 12 -14 -15
leaf_value=0.00016419560247490965 0.00015159363987731061 0.0012781420179526321 -4.0900328681471008e-05 -0.00027109515684245781 0.0011959902675933182 0.0006023116253319207 -0.00052540167328640286 -0.00041969662808639897 0.00014562213375360111 -0.00046631569091721062 -0.001361452315995848 -5.1457327140798404e-05 0.0011211537840533376 -0.00071028422970058661
leaf_weight=1389 210 119 326 97 165 82 277 635 98 93 159 128 81 104
leaf_count=1389 210 119 326 97 165 82 277 635 98 93 159 128 81 104
internal_value=-6.8975e-06 0.000252889 -0.000166511 6.45423e-05 0.000653867 -0.000342582 -0.000129037 -0.000402097 -0.000521477 -0.000595263 -0.00103425 8.14943e-05 0.000406174 -0.000135218
internal_weight=3963 1508 2455 1062 262 1393 800 1311 985 887 252 523 209 314
internal_count=3963 1508 2455 1062 262 1393 800 1311 985 887 252 523 209 314
is_linear=0
shrinkage=0.03


Tree=3
num_leaves=15
num_cat=0
split_feature=6 27 14 17 28 16 25 14 10 25 9 6 22 13
split_gain=0.175619 0.101513 0.101353 0.111114 0.16015 0.0848752 0.0876763 0.0662523 0.0625713 0.0570543 0.0527057 0.0486282 0.0630624 0.0530972
threshold=-2.6820789299923944 -0.041891625702078487 2.6350000000000002 0.060917329418423323 0.036411063255000507 0.13823948390760324 0.047713509065760586 2.2050000000000005 25.175000000000004 0.044525273108867405 0.0042097935889799411 0.83581310218712546 1.5350000000000004 0.911309857643538
decision_type=10 8 2 10 10 10 10 2 2 10 10 10 2 10
left_child=1 -1 3 4 9 6 8 -5 -4 11 -8 13 -13 -2
right_child=2 -3 5 7 -6 -7 10 -9 -10 -11 -12 12 -14 -15
leaf_value=0.0016646831592391587 -1.755244454467822e-05 0.0003032412581913897 -7.482633354780841e-05 0.00027077625975135928 -0.0012155870663844508 0.00064743167910492048 -0.0012960683460872576 0.0013280127175781184 -0.0007605380499047566 -0.00064309197853403065 -0.00045922994179424005 -0.00026616838952776692 0.00061345248889604887 0.00044542673662654125
leaf_weight=81 364 125 1296 120 88 99 85 96 131 88 331 396 89 574
leaf_count=81 364 125 1296 120 88 99 85 96 131 88 331 396 89 574
internal_value=-6.68443e-06 0.000844021 -5.35416e-05 0.000107607 2.11457e-05 -0.00020413 -0.000250199 0.000744614 -0.000138264 9.39288e-05 -0.000632917 0.000139927 -0.000103823 0.000265936
internal_weight=3963 206 3757 1815 1599 1942 1843 216 1427 1511 416 1423 485 938
internal_count=3963 206 3757 1815 1599 1942 1843 216 1427 1511 416 1423 485 938
is_linear=0
shrinkage=0.03


Tree=4
num_leaves=15
num_cat=0
split_feature=6 3 14 4 22 28 28 16 2 21 21 9 5 18
split_gain=0.165352 0.125589 0.0953872 0.108379 0.0721676 0.132342 0.100251 0.0688624 0.0645767 0.0613263 0.0609246 0.0585091 0.0561428 0.0530907
threshold=-2.6820789299923944 0.010390731540373193 2.6350000000000002 0.0087931247440489954 1.4950000000000003 0.01582438337287104 0.036411063255000507 0.13823948390760324 0.033851973387408758 0.0022360679774674126 0.013168942730205265 0.0034969057344599623 -0.017870446301625448 1.5650000000000002
decision_type=10 10 2 10 2 10 10 10 10 10 10 10 10 2
left_child=1 -1 4 11 6 -6 8 12 9 -2 -7 -4 -5 -11
right_child=2 -3 3 7 5 10 -8 -9 -10 13 -12 -13 -14 -15
leaf_value=0.00019430262569630194 -0.00052595856791771381 0.001695641424611135 0.00066984333769590655 -4.221777847507434e-05 2.4562731925505626e-05 0.00056389819997338753 -0.00080765186951138341 0.00049996926362954957 -0.00038166272045628681 0.00017385855911205959 0.0016442018241065032 -3.3637363562340155e-05 -0.00049050635403588463 0.00089158938075240067
leaf_weight=121 98 85 153 333 313 114 128 84 226 750 81 344 1028 105
leaf_count=121 98 85 153 333 313 114 128 84 226 750 81 344 1028 105
internal_value=-6.47981e-06 0.000818986 -5.19468e-05 -0.000198036 0.000104387 0.000407437 -1.36225e-05 -0.000329415 7.3194e-05 0.000181348 0.00101874 0.000183837 -0.000380934 0.00026294
internal_weight=3963 206 3757 1942 1815 508 1307 1445 1179 953 195 497 1361 855
internal_count=3963 206 3757 1942 1815 508 1307 1445 1179 953 195 497 1361 855
is_linear=0
shrinkage=0.03


Tree=5
num_leaves=15
num_cat=0
split_feature=6 3 18 22 3 4 25 4 14 17 17 28 4 14
split_gain=0.1326 0.124782 0.0888962 0.137935 0.0918864 0.074526 0.0733998 0.0640733 0.0656962 0.107994 0.0663864 0.0530612 0.0506416 0.0524912
threshold=-2.5108328405411986 0.010836620025239371 3.0850000000000004 0.32500000000000007 0.011940703665585596 0.0082516273637200117 0.047158746467872124 0.018045745115052397 3.0150000000000001 0.060917329418423323 0.042351909172153576 0.023442454234010517 0.012303642274983517 1.925
decision_type=10 10 2 2 10 10 10 10 2 10 10 10 8 2
left_child=1 -1 3 4 5 -2 -4 8 9 10 12 -12 -5 -14
right_child=2 -3 6 7 -6 -7 -8 -9 -10 -11 11 -13 13 -15
leaf_value=0.00014962474789005593 0.00089968543895804201 0.001590506043946582 -0.00017823576037610938 2.607173041786144e-05 0.0013334243135955149 1.1723105791604676e-06 -0.00090521832820720832 -0.00057495280858069122 -0.00030898047773035841 0.00064936829312300254 -7.2956426104613925e-05 -0.0006760244220372682 0.0001552081383300086 0.0011502537151753174
leaf_weight=141 122 87 617 705 95 256 156 195 511 253 426 189 115 81
leaf_count=141 122 87 617 705 95 256 156 195 511 253 426 189 115 81
internal_value=3.31619e-06 0.000703979 -3.97937e-05 3.53193e-05 0.000504159 0.000292777 -0.000325929 -5.44486e-05 -9.69921e-06 7.6878e-05 -1.9028e-05 -0.000259086 0.000144935 0.000570177
internal_weight=3949 228 3721 2948 473 378 773 2475 2280 1769 1516 615 901 196
internal_count=3949 228 3721 2948 473 378 773 2475 2280 1769 1516 615 901 196
is_linear=0
shrinkage=0.03


Tree=6
num_leaves=15
num_cat=0
split_feature=6 3 18 22 3 10 6 2 18 22 2 28 21 7
split_gain=0.124838 0.117494 0.083675 0.129849 0.0865151 0.0780361 0.0703879 0.0481511 0.042453 0.0853934 0.0438554 0.0412713 0.0480744 0.0401335
threshold=-2.5108328405411986 0.010836620025239371 3.0850000000000004 0.32500000000000007 0.011940703665585596 19.115000000000006 0.85247244663212285 0.025632362675271029 0.14500000000000005 2.0150000000000001 0.031363240064787419 0.020842290940392482 0.035758694194926062 -0.0012244842935738018
decision_type=10 10 2 2 10 2 10 10 2 2 10 10 10 10
left_child=1 -1 3 4 6 8 13 11 9 -5 -10 12 -4 -2
right_child=2 -3 7 5 -6 -7 -8 -9 10 -11 -12 -13 -14 -15
leaf_value=0.00014516761330680668 0.00010530553206081093 0.0015433330458737061 0.0003619294015150045 0.00052363652390580823 0.0012938382744323463 -0.00024796327316849859 -0.00026392451323986545 -0.00086617340206520722 2.4159794607423616e-05 -0.00018297601888925106 -0.00067146654627116904 -0.00054754660020825212 -0.00028883782210338695 0.00089560498638618067
leaf_weight=141 95 87 163 423 95 1056 135 120 663 241 92 220 270 148
leaf_count=141 95 87 163 423 95 1056 135 120 663 241 92 220 270 148
internal_value=3.2413e-06 0.000683088 -3.85878e-05 3.4286e-05 0.000489176 -5.28109e-05 0.000284065 -0.000316193 9.24911e-05 0.000267281 -6.13813e-05 -0.000213955 -4.35913e-05 0.000588338
internal_weight=3949 228 3721 2948 473 2475 378 773 1419 664 755 653 433 243
internal_count=3949 228 3721 2948 473 2475 378 773 1419 664 755 653 433 243
is_linear=0
shrinkage=0.03


Tree=7
num_leaves=15
num_cat=0
split_feature=6 3 18 23 4 25 25 28 6 14 28 14 12 21
split_gain=0.117534 0.11063 0.0787608 0.0913898 0.0715507 0.0678385 0.0536122 0.0570292 0.0535067 0.0484286 0.046491 0.0406228 0.0732616 0.0400765
threshold=-2.5108328405411986 0.010836620025239371 3.0850000000000004 -0.25131442828090583 0.018045745115052397 0.047158746467872124 0.062932542423177085 0.023442454234010517 0.81861030003931168 3.3250000000000006 0.020956634723893242 4.7150000000000007 0.0079521217577211995 0.019584497185707202
decision_type=10 10 2 10 10 10 10 10 10 2 10 2 10 10
left_child=1 -1 3 8 6 11 7 9 -2 10 -5 -4 -13 -6
right_child=2 -3 5 4 13 -7 -8 -9 -10 -11 -12 12 -14 -15
leaf_value=0.00014084326016079813 0.0012435215020360536 0.0014975591907965611 -0.00032570112973824209 8.7698241297818599e-05 -0.00095194196731622428 -0.00086366049510789775 0.00062557840669609402 -0.00026034009391227495 0.0001602589232519407 -0.00026370230679544071 0.00058238835724142306 -0.00040705554619742775 0.00077207819777849718 -8.3899519439166231e-05
leaf_weight=141 84 87 429 1393 106 156 130 569 80 305 194 91 97 87
leaf_count=141 84 87 429 1393 106 156 130 569 80 305 194 91 97 87
internal_value=3.15791e-06 0.000662816 -3.74291e-05 3.32724e-05 -7.38235e-06 -0.000306759 3.42134e-05 2.73368e-06 0.000719275 8.19462e-05 0.000148499 -0.000164785 0.000202193 -0.000563098
internal_weight=3949 228 3721 2948 2784 773 2591 2461 164 1892 1587 617 188 193
internal_count=3949 228 3721 2948 2784 773 2591 2461 164 1892 1587 617 188 193
is_linear=0
shrinkage=0.03


Tree=8
num_leaves=15
num_cat=0
split_feature=6 27 18 22 10 10 25 28 21 21 5 18 7 10
split_gain=0.110657 0.102874 0.0747356 0.0685237 0.101535 0.0869805 0.0692678 0.0615932 0.0925918 0.0501157 0.0487554 0.0943624 0.0487281 0.0403089
threshold=-2.5108328405411986 -0.040435351402339663 5.0250000000000012 0.35500000000000004 26.265000000000004 20.545000000000005 0.057714132072975204 0.019238649236065466 0.035758694194926062 0.019207997832127777 0.0091201396823926348 2.3400000000000003 0.00072669821538307044 31.310000000000006
decision_type=10 8 2 2 2 2 10 10 10 10 10 2 10 2
left_child=1 -1 3 4 10 -5 13 8 -4 -8 11 12 -2 -7
right_child=2 -3 7 5 -6 6 9 -9 -10 -11 -12 -13 -14 -15
leaf_value=0.0015027804243490444 0.00038009872289866291 0.00017151236399830843 0.00040421876297034741 7.3034640564724669e-05 0.0012401042846197795 -0.00035157766366064434 -0.00028784290827299296 -0.00086266390647194509 -0.00083775224064023917 0.00056374593599384107 -0.00024710145729557099 8.9815238300438858e-07 0.0014058110037715071 -0.001044419065637644
leaf_weight=80 88 148 132 1563 83 650 121 167 90 126 209 327 80 85
leaf_count=80 88 148 132 1563 83 650 121 167 90 126 209 327 80 85
internal_value=3.07802e-06 0.000643147 -3.63037e-05 9.68482e-06 0.000254152 -6.59827e-05 -0.000287099 -0.000429236 -0.000100782 0.000147092 0.000136316 0.000298375 0.000873961 -0.000433012
internal_weight=3949 228 3721 3332 787 2545 982 389 222 247 704 495 168 735
internal_count=3949 228 3721 3332 787 2545 982 389 222 247 704 495 168 735
is_linear=0
shrinkage=0.03


Tree=9
num_leaves=15
num_cat=0
split_feature=6 3 14 17 28 21 6 14 14 22 21 10 22 14
split_gain=0.104185 0.101253 0.0633447 0.0935536 0.0961288 0.0618904 0.0482729 0.0462346 0.0444252 0.117117 0.0437819 0.0652388 0.0553002 0.0422496
threshold=-2.5108328405411986 0.010836620025239371 2.5950000000000002 0.060917329418423323 0.030407917536703386 0.0044721359549824711 0.76936214409489501 2.2050000000000005 4.7150000000000007 0.015000000000000001 0.16664430737467659 28.660000000000004 0.065000000000000016 3.5750000000000006
decision_type=10 10 2 10 10 10 10 2 2 2 10 2 2 2
left_child=1 -1 3 4 6 13 -2 -5 10 -10 11 12 -7 -4
right_child=2 -3 5 7 -6 8 -8 -9 9 -11 -12 -13 -14 -15
leaf_value=0.00012478848730814872 0.00022120460136065956 0.001422640930990879 0.00047508812696962359 0.00030552476506212666 -0.00068491549845038082 -0.00068014361027844759 -0.00014446273536792911 0.001214418715674335 -0.0004852582264459325 0.0010099863688409296 0.00019026790781222813 -0.00092871496452739933 -0.00015803679366014847 -0.00022133440585574133
leaf_weight=141 924 87 210 120 158 230 500 87 102 86 152 152 876 124
leaf_count=141 924 87 210 120 158 230 500 87 102 86 152 152 876 124
internal_value=3.00171e-06 0.000624071 -3.52111e-05 9.33934e-05 1.47422e-05 -0.000154283 9.27989e-05 0.000691526 -0.000231899 0.000200461 -0.000289648 -0.00034774 -0.000267129 0.000216647
internal_weight=3949 228 3721 1789 1582 1932 1424 207 1598 188 1410 1258 1106 334
internal_count=3949 228 3721 1789 1582 1932 1424 207 1598 188 1410 1258 1106 334
is_linear=0
shrinkage=0.03


Tree=10
num_leaves=15
num_cat=0
split_feature=4 3 14 22 14 6 16 28 13 14 22 2 8 12
split_gain=0.0942746 0.0913359 0.0662488 0.112603 0.105421 0.0683829 0.0566343 0.054455 0.096247 0.0543834 0.111053 0.0463892 0.045051 0.0340266
threshold=0.0090861328195320119 0.011428597084924757 2.6350000000000002 1.4950000000000003 2.1450000000000005 0.87406055409235706 0.13180273363648889 0.032084440634369209 0.9159650443939199 4.7650000000000006 -1.0000000180025095e-35 -0.049253900043475955 0.0021293999553093639 0.39063752505140475
decision_type=10 10 2 2 2 10 10 10 10 2 2 10 10 10
left_child=1 -1 3 5 -5 7 9 8 -2 11 -11 -4 -10 -13
right_child=2 -3 6 4 -6 -7 -8 -9 12 10 -12 13 -14 -15
leaf_value=0.00011803965820264896 -0.000281477032313276 0.00098615813913549913 0.00011044580400600667 -0.00014194780079924385 0.0010852405901205888 -0.0004910495171453049 0.00048855263874979444 -0.000548228134154057 0.00023089621028952198 -0.00061182235520660744 0.00092369334079950435 -0.00052020654811727992 0.0010574398552175965 0.00011837989431300974
leaf_weight=1449 182 117 146 104 158 282 85 97 123 80 88 850 115 82
leaf_count=1449 182 117 146 104 158 282 85 97 123 80 88 850 115 82
internal_value=2.60048e-06 0.000183487 -0.00011585 6.09597e-05 0.000599425 -0.000116137 -0.000256733 8.89141e-05 0.000237016 -0.000307926 0.000193202 -0.00038613 0.00063303 -0.000463955
internal_weight=3958 1566 2392 1061 262 799 1331 517 420 1246 168 1078 238 932
internal_count=3958 1566 2392 1061 262 799 1331 517 420 1246 168 1078 238 932
is_linear=0
shrinkage=0.03


Tree=11
num_leaves=15
num_cat=0
split_feature=4 27 14 22 21 21 28 6 8 14 21 12 10 6
split_gain=0.088705 0.0978452 0.0623393 0.105981 0.1131 0.0750345 0.0737894 0.0643595 0.0515317 0.0398891 0.0485777 0.0419318 0.034949 0.0343803
threshold=0.0090861328195320119 -0.10039249853598474 2.6350000000000002 1.4950000000000003 0.013168942730205265 0.16664430737467659 0.022892528331426118 0.87406055409235706 0.017598166109468853 4.745000000000001 0.003244428422592201 0.033897526392194129 28.660000000000004 -0.9420135847942831
decision_type=10 8 2 2 10 10 10 10 10 2 10 10 2 10
left_child=1 -1 3 7 -5 6 9 8 13 10 -4 -11 -8 -2
right_child=2 -3 5 4 -6 -7 12 -9 -10 11 -12 -13 -14 -15
leaf_value=0.00099755722895431302 0.00032199116381323147 0.00010934840356026599 0.00039894853307530004 9.7571492896267128e-05 0.0013823057803551129 0.00039822870359178822 -0.00045283987454764672 -0.00047637008980609767 0.00077130169084881918 -0.00022568379375138091 -0.00037023641343846556 0.00073749575681479954 -0.001059596614078763 -0.00023758451523793735
leaf_weight=120 150 1446 84 164 98 143 235 282 82 81 572 80 136 285
leaf_count=120 150 1446 84 164 98 143 235 282 82 81 572 80 136 285
internal_value=2.54159e-06 0.000178004 -0.000112357 5.91567e-05 0.00058155 -0.000249019 -0.000327198 -0.000112654 8.62732e-05 -0.000167486 -0.000271286 0.000254513 -0.000677513 -4.43314e-05
internal_weight=3958 1566 2392 1061 262 1331 1188 799 517 817 656 161 371 435
internal_count=3958 1566 2392 1061 262 1331 1188 799 517 817 656 161 371 435
is_linear=0
shrinkage=0.03


Tree=12
num_leaves=15
num_cat=0
split_feature=4 27 15 14 22 14 21 10 5 28 13 22 22 28
split_gain=0.0834655 0.0921149 0.060991 0.0602253 0.0960664 0.099297 0.0608574 0.10026 0.0557862 0.0542579 0.0747075 0.0523478 0.105631 0.0455959
threshold=0.0090861328195320119 -0.10039249853598474 0.078438160555396721 2.5950000000000002 1.4950000000000003 2.2250000000000005 0.16664430737467659 28.660000000000004 -0.029510799134891116 0.034745023548842062 0.9159650443939199 0.065000000000000016 0.39500000000000007 0.021044940119957539
decision_type=10 8 10 2 2 2 10 2 10 10 10 2 2 10
left_child=1 -1 3 4 9 -6 7 8 -5 10 13 -10 -13 -2
right_child=2 -3 -4 6 5 -7 -8 -9 11 -11 -12 12 -14 -15
leaf_value=0.0009678778591081606 -9.2316142943703005e-05 0.00010607021829522386 0.00056523469891449764 0.00051135807790810104 2.5131501130895451e-05 0.0013212148003635535 0.00033033591339982291 -0.0010192722751470194 -0.00055949729327030436 -0.00072889974544780838 0.00028024976048059749 0.00076565729067249995 -0.0003047645086823977 -0.00088774893684416436
leaf_weight=120 182 1446 114 83 121 94 134 168 393 112 346 101 444 100
leaf_count=120 182 1446 114 83 121 94 134 168 393 112 346 101 444 100
internal_value=2.48348e-06 0.000172685 -0.00010897 -0.000142943 3.86045e-05 0.000595284 -0.000273922 -0.000342242 -0.000229952 -0.000123719 -1.4801e-05 -0.000296022 -0.000105354 -0.000376525
internal_weight=3958 1566 2392 2278 955 215 1323 1189 1021 740 628 938 545 282
internal_count=3958 1566 2392 2278 955 215 1323 1189 1021 740 628 938 545 282
is_linear=0
shrinkage=0.03


Tree=13
num_leaves=15
num_cat=0
split_feature=4 3 15 14 22 14 21 28 6 17 14 17 8 8
split_gain=0.0785431 0.0841488 0.0574119 0.0566673 0.0904524 0.0934897 0.0572763 0.0724024 0.0572338 0.0539384 0.0394001 0.0333304 0.0339247 0.0313638
threshold=0.0090861328195320119 0.011428597084924757 0.078438160555396721 2.5950000000000002 1.4950000000000003 2.2250000000000005 0.16664430737467659 0.022892528331426118 -0.09244932325933207 0.062431014559651284 4.745000000000001 0.039283048439967792 0.0036821286388324386 -0.0016250758417668541
decision_type=10 10 10 2 2 2 10 10 10 10 2 10 10 10
left_child=1 -1 3 4 8 -6 7 10 -2 -9 -5 12 -10 -12
right_child=2 -3 -4 6 5 -7 -8 9 11 -11 13 -13 -14 -15
leaf_value=0.0001047117431517861 0.00021283736201124925 0.00093795857392251489 0.00054842509727661857 -0.00027778930369901789 2.4383737412060071e-05 0.0012819956095190719 0.00032049923674720856 -0.00011441474406031678 -0.00037631000337355277 -0.00091584147010535853 0.0006619752580526336 -0.00053667707615214476 0.00044605226268888345 -0.00017119881833112718
leaf_weight=1449 285 117 114 662 121 94 134 107 101 259 80 274 80 81
leaf_count=1449 285 117 114 662 121 94 134 107 101 259 80 274 80 81
internal_value=2.41867e-06 0.000167525 -0.000105698 -0.000138659 3.74438e-05 0.000577613 -0.000265711 -0.00033199 -0.000120065 -0.000682495 -0.000175476 -0.000328596 -1.23812e-05 0.000244331
internal_weight=3958 1566 2392 2278 955 215 1323 1189 740 366 823 455 181 161
internal_count=3958 1566 2392 2278 955 215 1323 1189 740 366 823 455 181 161
is_linear=0
shrinkage=0.03


Tree=14
num_leaves=15
num_cat=0
split_feature=6 3 20 28 16 21 12 25 22 22 10 21 21 27
split_gain=0.0733149 0.0844187 0.050351 0.0785228 0.0628046 0.0576507 0.042716 0.0395722 0.0347857 0.0767334 0.0341319 0.0463607 0.0416731 0.0370705
threshold=-2.3667125774290994 0.010206874656078337 0.2736626580012767 0.023104684729868548 0.095049239299358948 0.035758694194926062 0.15217682869410523 0.043319498466261271 1.7550000000000001 1.2650000000000003 15.455000000000002 0.027212570217595239 0.01417930292993258 -0.050548390939625591
decision_type=10 10 10 10 10 10 10 10 2 2 2 10 10 10
left_child=1 -1 3 5 -4 10 8 -7 9 -5 11 13 -12 -2
right_child=2 -3 4 6 -6 7 -8 -9 -10 -11 12 -13 -14 -15
leaf_value=3.770568438441209e-05 0.0008312266348782162 0.0011946428870090965 6.1918124525358774e-05 -0.0005023462507062396 0.0010434794808783668 -0.0001013566790702023 7.0103053338107615e-05 -0.00068467980781780266 -0.00080384810412760998 0.00033372403524161977 -0.00011738662897262202 -0.0001163088934851255 0.00033701666200245875 0.00025860672897478151
leaf_weight=137 125 96 195 403 83 468 213 134 159 130 799 243 234 539
leaf_count=137 125 96 195 403 83 468 213 134 159 130 799 243 234 539
internal_value=2.36238e-06 0.000517452 -2.99869e-05 -6.13455e-05 0.000357664 2.4115e-05 -0.000301152 -0.000232119 -0.000415362 -0.000298184 0.000103706 0.000237889 -1.42267e-05 0.000367492
internal_weight=3958 233 3725 3447 278 2542 905 602 692 533 1940 907 1033 664
internal_count=3958 233 3725 3447 278 2542 905 602 692 533 1940 907 1033 664
is_linear=0
shrinkage=0.03


Tree=15
num_leaves=15
num_cat=0
split_feature=4 4 8 2 22 22 21 9 13 22 5 14 2 8
split_gain=0.0834599 0.0830481 0.243272 0.0574122 0.0575147 0.0512284 0.0509708 0.0423936 0.0563886 0.0677156 0.0426963 0.0406964 0.0384678 0.0432853
threshold=0.018188861621825776 0.01581131416055901 0.025208396233516787 0.027300161962156459 1.5050000000000001 0.80500000000000016 0.047443847831926338 0.0034234632009466828 0.58154635960868417 0.52500000000000013 -0.03396908985915871 2.6250000000000004 0.06516922666967552 0.011112249600250037
decision_type=10 8 10 10 2 2 10 10 10 2 10 2 10 10
left_child=1 3 5 7 12 -3 -2 8 -1 -10 -9 -7 13 -5
right_child=6 2 -4 4 -6 11 -8 10 9 -11 -12 -13 -14 -15
leaf_value=-0.00029001191940124227 -0.00075854230083938483 -0.00043052831448481553 0.001866277576650164 -0.00056051719256522436 0.00021374858721128474 0.00079493066837158313 0.00013656384878602153 0.00055238875743109409 0.00071214180313523205 7.8930934614406177e-05 -6.4321523746787716e-05 -1.3604279824693758e-05 -0.00091740898283508912 0.00013114849814776201
leaf_weight=148 198 118 84 203 159 98 80 106 273 342 1812 129 116 135
leaf_count=148 198 118 84 203 159 98 80 106 273 342 1812 129 116 135
internal_value=-9.30851e-07 3.65636e-05 0.000428675 -1.46183e-05 -0.000276297 7.42679e-05 -0.000501392 4.52942e-05 0.000234278 0.000360715 -2.99684e-05 0.00033741 -0.000448014 -0.000284688
internal_weight=4001 3723 429 3294 613 345 278 2681 763 615 1918 227 454 338
internal_count=4001 3723 429 3294 613 345 278 2681 763 615 1918 227 454 338
is_linear=0
shrinkage=0.03


Tree=16
num_leaves=15
num_cat=0
split_feature=4 4 22 22 28 21 21 24 20 20 3 5 13 4
split_gain=0.0785526 0.0781967 0.157259 0.115189 0.0580606 0.051824 0.0479767 0.0454682 0.0442241 0.0448246 0.0440412 0.0419687 0.0352517 0.035378
threshold=0.018188861621825776 0.01581131416055901 1.135 1.9450000000000001 0.023104684729868548 0.058050562914002138 0.047443847831926338 -0.022707254841706211 0.2736626580012767 0.026550752075158338 0.015262660420609203 -0.015153074061996929 0.84282347476847164 0.0080942898094239248
decision_type=10 8 2 2 10 10 10 10 10 10 8 10 10 10
left_child=1 4 10 7 5 11 -2 -4 9 12 -3 -1 -6 -14
right_child=6 2 3 -5 8 -7 -8 -9 -10 -11 -12 -13 13 -15
leaf_value=0.00039384300521106753 -0.00073590037900979051 -0.00078836000526540106 0.00083089347677741895 -5.8796750222043842e-05 -0.00073406833497668435 -0.00028267985056223689 0.00013251750063823743 0.001799867427948494 0.00032768546667856361 -0.00081006637997950047 0.00018135185319218127 4.8370515749546863e-05 -0.00062743650311764714 5.1426564866363013e-05
leaf_weight=383 198 83 95 82 92 352 80 85 104 140 84 1802 86 335
leaf_count=383 198 83 95 82 92 352 80 85 104 140 84 1802 86 335
internal_value=-8.92047e-07 3.54834e-05 0.00041597 0.000873286 -1.41811e-05 5.46343e-05 -0.000486417 0.00129588 -0.000244576 -0.000336079 -0.000302425 0.000109079 -0.000205401 -8.84068e-05
internal_weight=4001 3723 429 262 3294 2537 278 180 757 653 167 2185 513 421
internal_count=4001 3723 429 262 3294 2537 278 180 757 653 167 2185 513 421
is_linear=0
shrinkage=0.03


Tree=17
num_leaves=15
num_cat=0
split_feature=4 27 18 18 17 25 10 9 4 24 4 17 16 10
split_gain=0.0740546 0.0781106 0.0563505 0.0552124 0.0511015 0.0914763 0.0785965 0.0614808 0.0643499 0.0494432 0.0440696 0.0401284 0.0356775 0.0435509
threshold=0.0090230237347604225 -0.091823412104203847 5.0400000000000009 5.2250000000000005 0.10515026543487986 0.062932542423177085 20.460000000000004 0.0035406212658919672 0.01581131416055901 -0.28381937680321095 0.013150721184957697 0.040584544634108037 -0.10025173939168673 21.985000000000003
decision_type=10 8 2 2 10 10 2 10 10 10 10 10 8 2
left_child=1 -1 4 -4 5 6 7 -2 10 -8 -9 -12 -3 -14
right_child=2 12 3 -5 -6 -7 9 8 -10 -11 11 -13 13 -15
leaf_value=0.0008265371883091323 -0.00029931696073304845 0.00065203695020045417 -0.0011077137784115281 -0.00024118062488849145 -0.0006997108830953516 0.00071235588981445684 0.00019662248673693865 0.00026211212995153684 0.00083090846244886056 -0.00043445579443016411 0.00028604105092093702 -0.00052546183392175735 0.00012514380156453041 -0.00036817322990539226
leaf_weight=144 278 95 85 291 100 146 138 508 128 575 85 151 1089 188
leaf_count=144 278 95 85 291 100 146 138 508 128 575 85 151 1089 188
internal_value=-8.6732e-07 0.000164315 -0.000101664 -0.000439491 -4.12551e-05 -8.14803e-06 -6.49645e-05 8.84641e-05 0.000212293 -0.000312207 0.000104892 -0.00023321 9.4259e-05 5.22864e-05
internal_weight=4001 1516 2485 376 2109 2009 1863 1150 872 713 744 236 1372 1277
internal_count=4001 1516 2485 376 2109 2009 1863 1150 872 713 744 236 1372 1277
is_linear=0
shrinkage=0.03


Tree=18
num_leaves=15
num_cat=0
split_feature=6 3 20 28 21 21 22 22 12 10 22 22 2 28
split_gain=0.0686852 0.0782972 0.0538357 0.0512785 0.109305 0.0583403 0.0445725 0.0545719 0.0430379 0.0385783 0.0363732 0.0485552 0.061491 0.0432163
threshold=-2.3667125774290994 0.0097696327890810421 0.4807952455519095 0.023104684729868548 0.11185045418587732 0.14942695556051569 1.7650000000000003 1.2650000000000003 0.082964332091796114 28.985000000000003 0.065000000000000016 0.35500000000000004 -0.013016756336836187 0.0201303887909807
decision_type=10 10 10 10 10 10 2 2 10 2 2 2 10 10
left_child=1 -1 3 5 6 10 7 8 -5 -8 -2 12 -12 -14
right_child=2 -3 -4 4 -6 -7 9 -9 -10 -11 11 -13 13 -15
leaf_value=2.2003171113651278e-06 -0.00021882796260534734 0.0011007826196310936 0.0005679463041194069 -0.00056496199360975404 0.00075364047636200364 -0.00067590596731466606 -0.00030010182071877082 0.00025643451130375838 5.3897772251452733e-06 -0.0012128570082393382 0.0010730891506342839 2.0017742964955005e-05 3.9527288494024434e-06 0.00079277331712258197
leaf_weight=130 404 105 129 367 89 105 80 155 176 88 89 1740 263 81
leaf_count=130 404 105 129 367 89 105 80 155 176 88 89 1740 263 81
internal_value=-8.39683e-07 0.000495641 -3.19436e-05 -5.33713e-05 -0.000242022 1.38682e-05 -0.000345099 -0.000238839 -0.000380427 -0.000782559 4.22244e-05 9.08371e-05 0.000374721 0.000191452
internal_weight=4001 235 3766 3637 955 2682 866 698 543 168 2577 2173 433 344
internal_count=4001 235 3766 3637 955 2682 866 698 543 168 2577 2173 433 344
is_linear=0
shrinkage=0.03


Tree=19
num_leaves=15
num_cat=0
split_feature=6 3 20 28 16 14 10 22 25 22 2 21 21 10
split_gain=0.0646603 0.0737129 0.0506762 0.0487382 0.0494976 0.0535 0.0435784 0.0587439 0.0448989 0.0394162 0.03084 0.027732 0.0794557 0.0638475
threshold=-2.3667125774290994 0.0097696327890810421 0.4807952455519095 0.035187911539250959 -0.13270198222611768 1.6150000000000004 20.315000000000001 0.065000000000000016 0.061101724655232927 0.35500000000000004 -0.027248561291305148 0.020176782236101899 0.011516578439242066 13.795000000000002
decision_type=10 10 10 10 10 2 2 2 10 2 10 10 10 2
left_child=1 -1 3 4 5 -2 7 10 9 -8 -6 12 13 -9
right_child=2 -3 -4 -5 6 -7 8 11 -10 -11 -12 -13 -14 -15
leaf_value=2.1348139605362046e-06 0.0010318356711003515 0.0010680706797108353 0.00055103897151520173 -0.00048045269470126827 5.5589687955730095e-05 1.3272665091790259e-06 0.00011924618167060268 0.00042569511970394052 0.0003475213849216945 -0.00040904746229218593 -0.0004700909284149667 -4.0829450708859914e-05 0.00069271129366764699 -0.00012669211198039804
leaf_weight=130 80 105 129 223 152 103 158 282 107 641 294 811 224 562
leaf_count=130 80 105 129 223 152 103 158 282 107 641 294 811 224 562
internal_value=-8.02472e-07 0.000480912 -3.09813e-05 -5.17707e-05 -2.3637e-05 0.000454982 -5.08778e-05 1.79187e-05 -0.00022725 -0.00030456 -0.000291212 9.14099e-05 0.000191772 5.81587e-05
internal_weight=4001 235 3766 3637 3414 183 3231 2325 906 799 446 1879 1068 844
internal_count=4001 235 3766 3637 3414 183 3231 2325 906 799 446 1879 1068 844
is_linear=0
shrinkage=0.03


Tree=20
num_leaves=15
num_cat=0
split_feature=4 3 18 5 17 16 12 10 9 13 14 21 6 10
split_gain=0.0702688 0.0654681 0.0551004 0.0433747 0.0519679 0.0358949 0.105396 0.0447948 0.0422002 0.0383821 0.0603151 0.0330347 0.0326029 0.0480063
threshold=0.0090861328195320119 0.011940703665585596 5.0400000000000009 -0.03396908985915871 0.10515026543487986 0.095049239299358948 -0.0085578713591045723 20.705000000000002 0.0035552391066161139 0.9159650443939199 2.1650000000000005 0.039194185029005367 -0.86668033521429322 14.545000000000002
decision_type=10 10 2 10 10 10 10 2 10 10 2 10 10 2
left_child=1 12 3 -2 5 7 -7 8 -5 10 -10 -4 -1 -14
right_child=2 -3 11 4 -6 6 -8 -9 9 -11 -12 -13 13 -15
leaf_value=0.00028722765222450366 0.00048345234029560234 0.00097535167848803546 -0.00025481767817426209 -0.00030768942890172619 -0.00081046696904065482 -0.000246691584324199 0.00095920467166655252 -0.00029919549666496652 -0.00078378746149229662 0.00033368023782753695 0.00016088322048744884 -0.00088155704981214848 0.00030876277335242851 -0.00016288919565739303
leaf_weight=559 130 82 247 248 83 150 114 623 85 410 207 109 290 583
leaf_count=559 130 82 247 248 83 150 114 623 85 410 207 109 290 583
internal_value=-3.93845e-06 0.000156122 -0.000104681 -4.47591e-05 -8.07565e-05 -4.73634e-05 0.000275691 -0.000101723 2.79557e-05 0.0001468 -0.000115843 -0.000448644 0.000108563 -6.03813e-06
internal_weight=3920 1514 2406 2050 1920 1837 264 1573 950 702 292 356 1432 873
internal_count=3920 1514 2406 2050 1920 1837 264 1573 950 702 292 356 1432 873
is_linear=0
shrinkage=0.03


Tree=21
num_leaves=15
num_cat=0
split_feature=4 3 18 10 16 9 4 4 4 8 2 24 21 6
split_gain=0.0661412 0.0616493 0.0518673 0.0415041 0.0689867 0.0398886 0.064828 0.0487515 0.0349214 0.033234 0.035628 0.0341712 0.0312314 0.0302818
threshold=0.0090861328195320119 0.011940703665585596 5.0400000000000009 19.115000000000006 0.13823948390760324 0.0048347810654880098 0.015235561807901447 0.012765726444215225 0.018045745115052397 0.010674886397226137 -0.016289428034005567 -0.041356705827850192 0.045420433063265951 -0.92399898671106218
decision_type=10 10 2 2 10 10 10 10 10 10 8 8 10 10
left_child=1 9 3 5 8 -2 7 -7 -5 10 -1 -11 -4 -13
right_child=2 -3 12 4 -6 6 -8 -9 -10 11 -12 13 -14 -15
leaf_value=0.00031368562820674781 -2.8024059186801227e-05 0.00094644365722281268 -0.0002820333748509535 -0.00018140045092391758 0.00060889359731885161 0.00047906399584323779 0.0011097700199914269 -0.00043718168019228772 -0.00072355686037864385 7.1249030341762897e-05 -9.3985878470278131e-05 0.001041414392310852 -0.00095397436064323068 0.0002950249664889484
leaf_weight=259 711 82 276 830 91 130 80 86 122 224 747 84 80 118
leaf_count=259 711 82 276 830 91 130 80 86 122 224 747 84 80 118
internal_value=-3.82212e-06 0.000151466 -0.000101561 -4.34238e-05 -0.00017598 9.39095e-05 0.000385906 0.000113929 -0.000251565 0.000105315 1.11786e-05 0.000327071 -0.000435281 0.000609006
internal_weight=3920 1514 2406 2050 1043 1007 296 216 952 1432 1006 426 356 202
internal_count=3920 1514 2406 2050 1043 1007 296 216 952 1432 1006 426 356 202
is_linear=0
shrinkage=0.03


Tree=22
num_leaves=15
num_cat=0
split_feature=6 20 17 10 21 21 13 5 8 10 12 21 10 18
split_gain=0.0606872 0.0474351 0.0593119 0.0482253 0.0784211 0.0818996 0.0587533 0.04917 0.044096 0.0378634 0.0331081 0.0385181 0.0376061 0.0447611
threshold=-1.8260190712420559 0.2736626580012767 0.071265810797474849 17.370000000000001 0.020493901531915461 0.011516578439242066 0.98090499197110037 0.017840200123255528 0.016804398702487514 14.495000000000003 0.44796730709435756 0.0060480531882803274 21.635000000000002 0.13500000000000004
decision_type=10 8 10 2 10 10 10 10 10 2 10 10 2 2
left_child=8 3 -3 4 5 9 -7 -6 -1 -2 11 -5 -13 -14
right_child=1 2 -4 10 7 6 -8 -9 -10 -11 -12 12 13 -15
leaf_value=0.00017774495878921336 0.0002748809613154718 -1.7050460534198848e-05 0.00089386953144483935 -3.035004300584448e-05 -8.542691321283576e-05 0.00021633992454024887 0.0012997516343160353 -0.00075338111600190731 0.00093045621968816368 -0.00016825843687046056 0.00023410336817902697 -0.00016467946772236731 -6.4456578367723716e-05 -0.00074039818475051206
leaf_weight=347 395 166 104 476 724 85 96 114 87 308 141 430 121 326
leaf_count=347 395 166 104 476 724 85 96 114 87 308 141 430 121 326
internal_value=-3.69089e-06 -4.53706e-05 0.000335826 -7.74685e-05 3.07422e-05 0.000227731 0.000794951 -0.000177084 0.000330426 8.07685e-05 -0.00020213 -0.000247731 -0.000365548 -0.000557977
internal_weight=3920 3486 270 3216 1722 884 181 838 434 703 1494 1353 877 447
internal_count=3920 3486 270 3216 1722 884 181 838 434 703 1494 1353 877 447
is_linear=0
shrinkage=0.03


Tree=23
num_leaves=15
num_cat=0
split_feature=6 27 17 25 14 21 21 10 9 17 25 28 2 22
split_gain=0.0571221 0.0558229 0.0448005 0.0786961 0.0471525 0.0457052 0.105222 0.0547326 0.0454116 0.0393396 0.0392247 0.0380941 0.0348672 0.0290235
threshold=-1.8260190712420559 -0.06451944866030733 0.10515026543487986 0.062932542423177085 3.1050000000000004 0.019207997832127777 0.011516578439242066 13.995000000000003 0.0022988511732023507 0.047804426132888093 0.0492469609000874 0.017936222636322944 0.0058432129796082153 1.0950000000000004
decision_type=10 8 10 10 2 10 10 2 10 10 10 10 10 2
left_child=1 -1 3 4 5 6 7 8 -2 -8 11 -6 -12 -13
right_child=2 -3 -4 -5 10 -7 9 -9 -10 -11 12 13 -14 -15
leaf_value=0.0010154530512720937 -0.000219925718124503 0.00015385943244604567 -0.00068655104079516605 0.00064580744570630485 0.00010498753908775956 -0.00016358523239827405 0.001228144677654118 -0.00010053362123418243 0.00061745622270416994 0.00039216778721549685 -0.0002186037677279471 -0.00014285150589026514 -0.00099068437379283949 -0.00061281933753679573
leaf_weight=83 81 351 94 149 379 728 88 866 203 121 114 397 98 168
leaf_count=83 81 351 94 149 379 728 88 866 203 121 114 397 98 168
internal_value=-3.56484e-06 0.00032059 -4.40018e-05 -2.59982e-05 -5.7054e-05 2.8094e-05 0.000130819 1.80404e-05 0.000378692 0.00074833 -0.000210668 -0.000127541 -0.000578484 -0.00028343
internal_weight=3920 434 3486 3392 3243 2087 1359 1150 284 209 1156 944 212 565
internal_count=3920 434 3486 3392 3243 2087 1359 1150 284 209 1156 944 212 565
is_linear=0
shrinkage=0.03


Tree=24
num_leaves=15
num_cat=0
split_feature=4 16 5 27 14 17 21 10 28 13 14 12 12 22
split_gain=0.0572524 0.0493194 0.0461548 0.0455319 0.0445366 0.0634206 0.053675 0.0533691 0.0511048 0.0437573 0.0410211 0.0345369 0.0312666 0.0300342
threshold=0.0090861328195320119 -0.13270198222611768 -0.03396908985915871 -0.08823153597288512 2.6550000000000007 0.061274831731969161 0.16664430737467659 28.660000000000004 0.033672414649792523 0.9159650443939199 2.1150000000000007 0.14218433454137228 0.12193108853472491 0.065000000000000016
decision_type=10 8 10 8 2 10 10 2 10 10 2 10 8 2
left_child=1 -1 -2 -3 5 8 7 13 9 10 -4 -11 -5 -6
right_child=2 3 4 12 6 -7 -8 -9 -10 11 -12 -13 -14 -15
leaf_value=0.00086131340510392973 0.00041529583297669883 0.00065219647854086716 -0.00072358667876765094 0.00012581824840155086 -0.00043226112115985139 0.00062260375364798267 0.00030600282135856107 -0.00087015014471114192 -0.00076376011876132461 0.00034276183682989137 -2.079965257262056e-05 -0.00026010826009472733 -0.00022838389140397402 -9.4894293171076042e-05
leaf_weight=80 149 122 112 1026 414 135 139 137 86 343 221 113 286 557
leaf_count=80 149 122 112 1026 414 135 139 137 86 343 221 113 286 557
internal_value=-3.45007e-06 0.000141027 -9.43845e-05 0.000100271 -0.000128201 1.98832e-05 -0.000248061 -0.000317782 -7.37126e-05 2.37331e-06 -0.000258631 0.000193124 4.84914e-05 -0.000239032
internal_weight=3920 1514 2406 1434 2257 1010 1247 1108 875 789 333 456 1312 971
internal_count=3920 1514 2406 1434 2257 1010 1247 1108 875 789 333 456 1312 971
is_linear=0
shrinkage=0.03


Tree=25
num_leaves=15
num_cat=0
split_feature=4 3 5 14 17 28 27 14 22 9 25 8 13 2
split_gain=0.0675104 0.0572454 0.0400393 0.0401632 0.0800024 0.0584165 0.0397907 0.0300016 0.10657 0.0389425 0.0279143 0.0343444 0.0277862 0.02541
threshold=0.0090861328195320119 0.011050101648722561 -0.030179742187318694 2.6650000000000005 0.056357644074579778 0.031386591751181726 -0.067558701173718635 4.745000000000001 0.015000000000000001 0.0031985825807107839 0.026808286228819526 0.0065721346432550129 0.89891076438426842 -0.013865730473416436
decision_type=10 10 10 2 10 10 10 2 2 10 10 10 10 8
left_child=1 13 -2 4 5 10 -6 9 -9 -5 11 -4 -12 -1
right_child=2 -3 3 7 6 -7 -8 8 -10 -11 12 -13 -14 -15
leaf_value=0.00032038755881325489 0.00029371808806968896 0.00072098763488611436 -6.5192774375244099e-05 -0.00079569680092059897 -1.246279002063804e-05 -0.00080337472643434219 0.00083289913270612073 -0.00060958321493222341 0.00088031493800891836 -0.00024417771750708916 -0.000711907173602787 0.00053923493852683641 -7.2854855644679408e-05 2.254055172474606e-05
leaf_weight=337 210 143 257 131 80 102 133 88 83 926 84 125 220 1087
leaf_count=337 210 143 257 131 80 102 133 88 83 926 84 125 220 1087
internal_value=-2.67459e-06 0.000150917 -0.000101375 -0.000138713 2.35752e-06 -0.000137182 0.000516818 -0.000253614 0.000114497 -0.000313218 -3.71021e-05 0.000133483 -0.00025119 9.32036e-05
internal_weight=4006 1567 2439 2229 1001 788 213 1228 171 1057 686 382 304 1424
internal_count=4006 1567 2439 2229 1001 788 213 1228 171 1057 686 382 304 1424
is_linear=0
shrinkage=0.03


Tree=26
num_leaves=15
num_cat=0
split_feature=4 3 17 25 28 24 22 13 4 13 2 4 9 14
split_gain=0.063536 0.0538875 0.038014 0.0518973 0.0491826 0.046257 0.0459623 0.0949953 0.0522712 0.049486 0.038308 0.0264918 0.0252292 0.0392141
threshold=0.0090861328195320119 0.011050101648722561 0.10817565937593283 0.062932542423177085 0.03407884702493616 0.15415067982725833 1.7750000000000001 0.84282347476847164 0.010508872009925277 1.055469694545359 0.049569041086788175 0.013874128060741038 0.003888311830387832 2.8650000000000007
decision_type=10 10 10 10 10 8 2 10 10 10 10 10 8 2
left_child=1 12 3 4 5 6 7 -2 -9 -8 -7 -11 13 -1
right_child=2 -3 -4 -5 -6 10 9 8 -10 11 -12 -13 -14 -15
leaf_value=9.8174795108160734e-05 -0.00026686314549723681 0.00069950822078681087 -0.00070698961121124328 0.00046861607436349495 -0.00068016244650586245 -0.0001897270622739254 0.00024236063412820877 -4.7458687145154015e-05 0.00055774120185863761 -0.00026020693729274821 -0.00086505805325307224 -0.00088283495350465683 -6.9401593850405355e-05 0.00062828913534662874
leaf_weight=726 324 143 88 147 128 635 137 186 413 209 85 87 547 151
leaf_count=726 324 143 88 147 128 635 137 186 413 209 85 87 547 151
internal_value=-2.59215e-06 0.00014641 -9.8343e-05 -7.52699e-05 -0.000111741 -7.63837e-05 2.6833e-05 0.000146428 0.00037005 -0.000227851 -0.000270543 -0.000445565 9.04147e-05 0.00019006
internal_weight=4006 1567 2439 2351 2204 2076 1356 923 599 433 720 296 1424 877
internal_count=4006 1567 2439 2351 2204 2076 1356 923 599 433 720 296 1424 877
is_linear=0
shrinkage=0.03


Tree=27
num_leaves=15
num_cat=0
split_feature=4 3 5 12 10 18 21 14 18 17 2 21 28 13
split_gain=0.0598104 0.0507254 0.0381008 0.038962 0.0645423 0.0521237 0.0366012 0.0419622 0.0625831 0.0426129 0.0401028 0.0348993 0.038166 0.0282065
threshold=0.0090861328195320119 0.011050101648722561 -0.030179742187318694 0.0079521217577211995 23.320000000000004 5.0150000000000006 0.0091478622080478165 4.6850000000000014 3.1950000000000007 0.056039224676879974 0.053011784543258951 0.020176782236101899 0.011959845590828312 0.54825596691944189
decision_type=10 10 10 10 2 2 10 2 2 10 10 10 10 10
left_child=1 -1 -2 4 5 11 -5 8 9 -8 -11 12 -4 -7
right_child=2 -3 3 6 -6 13 7 -9 -10 10 -12 -13 -14 -15
leaf_value=8.7716092751438025e-05 0.00028997969298327769 0.0006786687022849947 -0.00038757797261338133 -0.00029094110407832275 -0.00068195553621393863 -0.00020772863165542991 -5.5203010351816687e-05 0.00068818546136026272 -0.00064617957301939331 0.00082970599646657876 -2.8783750970399488e-05 -0.00023965704327059826 0.00030340973409429326 -0.0009776493347647677
leaf_weight=1424 210 143 91 270 243 83 325 99 103 125 80 391 330 89
leaf_count=1424 210 143 91 270 243 83 325 99 103 125 80 391 330 89
internal_value=-2.52392e-06 0.000142043 -9.5425e-05 -0.000131849 -0.000245121 -0.000136662 6.96523e-06 0.000117096 2.68338e-05 0.000158598 0.000496172 -3.58845e-05 0.000153487 -0.000609466
internal_weight=4006 1567 2439 2229 1227 984 1002 732 633 530 205 812 421 172
internal_count=4006 1567 2439 2229 1227 984 1002 732 633 530 205 812 421 172
is_linear=0
shrinkage=0.03


Tree=28
num_leaves=15
num_cat=0
split_feature=4 3 5 14 17 28 14 21 17 25 8 13 2 18
split_gain=0.0562912 0.0477508 0.0358602 0.0352026 0.0729151 0.0519051 0.0376181 0.0345796 0.0476399 0.0251358 0.0321059 0.026191 0.0239696 0.0341516
threshold=0.0090861328195320119 0.011050101648722561 -0.030179742187318694 2.6650000000000005 0.056357644074579778 0.030967636811083114 2.2050000000000005 0.16664430737467659 0.096172815319705687 0.026808286228819526 0.0065721346432550129 0.89891076438426842 -0.013865730473416436 0.32000000000000006
decision_type=10 10 10 2 10 10 2 10 10 10 10 10 8 2
left_child=1 12 -2 4 5 9 -6 8 -5 10 -4 -11 13 -1
right_child=2 -3 3 7 6 -7 -8 -9 -10 11 -12 -13 -14 -15
leaf_value=5.3427638762241257e-05 0.00028132153100711215 0.0006584500245965804 -6.3969228948477347e-05 -0.0002355369760684143 0.00016147901228098308 -0.00074672583542228241 0.00097142542423005749 0.00021255821484215709 -0.0009923951530018476 -0.00068387625885524739 0.00052080137134041804 -6.2695310774222595e-05 1.6460834279553517e-05 0.00066657039181500168
leaf_weight=199 210 143 256 1011 126 105 87 137 80 84 125 218 1087 138
leaf_count=199 210 143 256 1011 126 105 87 137 80 84 125 218 1087 138
internal_value=-2.45298e-06 0.000137797 -9.25795e-05 -0.000127916 4.15315e-06 -0.000129064 0.000495296 -0.000235488 -0.000291893 -3.31562e-05 0.000128746 -0.000237161 8.50865e-05 0.000305736
internal_weight=4006 1567 2439 2229 1001 788 213 1228 1091 683 381 302 1424 337
internal_count=4006 1567 2439 2229 1001 788 213 1228 1091 683 381 302 1424 337
is_linear=0
shrinkage=0.03


Tree=29
num_leaves=15
num_cat=0
split_feature=4 21 4 8 14 2 5 14 18 18 10 25 25 28
split_gain=0.0530129 0.0537092 0.0485717 0.161084 0.0598862 0.0527082 0.0307425 0.043823 0.0461005 0.0439214 0.041854 0.03982 0.0366429 0.0419593
threshold=0.017675691984826245 0.047443847831926338 0.01581131416055901 0.024482839906205815 2.6150000000000007 0.06516922666967552 -0.025238180552066228 3.3250000000000006 1.5650000000000002 1.8250000000000004 14.825000000000001 0.05408934105944279 0.043075820546908568 0.017063278505843819
decision_type=10 10 8 10 2 10 10 2 2 2 2 10 10 10
left_child=2 -2 5 4 -4 6 -1 8 11 -10 -11 -8 13 -9
right_child=1 -3 3 -5 -6 -7 7 12 9 10 -12 -13 -14 -15
leaf_value=0.00030162954199672987 -0.00062770576212495656 0.00023175701581602614 0.00057632583631625901 0.0015193123173756532 -0.00030759945775954856 -0.00055664076555403885 -4.4482001087903149e-05 0.00031475201674311391 0.00097285551056432141 0.00060203904826526663 -0.00012636265820381516 0.00053761016426218892 -0.00046430757473598522 -0.00021790066446790717
leaf_weight=311 222 92 109 82 184 149 1464 191 83 125 162 113 286 433
leaf_count=311 222 92 109 82 184 149 1464 191 83 125 162 113 286 433
internal_value=-2.37372e-06 -0.000375952 2.94919e-05 0.000352641 2.20746e-05 -7.13664e-06 1.88756e-05 -1.19985e-05 6.83271e-05 0.000369217 0.000191874 -2.4579e-06 -0.000183746 -5.46184e-05
internal_weight=4006 314 3692 375 293 3317 3168 2857 1947 370 287 1577 910 624
internal_count=4006 314 3692 375 293 3317 3168 2857 1947 370 287 1577 910 624
is_linear=0
shrinkage=0.03


Tree=30
num_leaves=15
num_cat=0
split_feature=20 4 3 28 21 21 4 2 24 26 22 4 18 24
split_gain=0.0518855 0.0517625 0.0642334 0.0508801 0.0841134 0.0507169 0.0397177 0.0316618 0.0285678 0.0284516 0.0281287 0.0240104 0.0224633 0.0225697
threshold=0.4807952455519095 0.025166433753292135 0.010390731540373193 0.023104684729868548 0.11185045418587732 0.1304820017752451 0.018045745115052397 -0.028124208368138778 -1.0000000180025095e-35 0.05537533031306064 0.41500000000000004 0.012241256400769653 4.3250000000000011 -0.22506582871430603
decision_type=10 8 10 10 10 10 10 10 10 10 2 10 2 10
left_child=1 3 -3 5 6 7 9 11 -9 12 -10 -1 13 -5
right_child=-2 2 -4 4 -6 -7 -8 8 10 -11 -12 -13 -14 -15
leaf_value=0.0004435083980121881 0.0005999143667881875 -6.3184272108224418e-05 0.00099108813566531491 0.0001607191567065104 0.00067540267764083447 -0.00052637360729970663 -0.00094000339107878971 -8.024258136562614e-05 0.0004739598138484489 0.00012408682732006573 5.3982275305202164e-05 -2.7256461589163398e-05 -0.00077413273659816611 -0.00035568877071741263
leaf_weight=296 128 107 100 92 83 140 83 1269 182 146 667 145 91 428
leaf_count=296 128 107 100 92 83 140 83 1269 182 146 667 145 91 428
internal_value=8.142e-06 -1.17919e-05 0.000448442 -3.82111e-05 -0.000230357 2.75595e-05 -0.000320551 5.80583e-05 9.85688e-06 -0.000251482 0.000144464 0.00028901 -0.000341281 -0.000264191
internal_weight=3957 3829 207 3622 923 2699 840 2559 2118 757 849 441 611 520
internal_count=3957 3829 207 3622 923 2699 840 2559 2118 757 849 441 611 520
is_linear=0
shrinkage=0.03


Tree=31
num_leaves=15
num_cat=0
split_feature=8 4 28 2 21 16 10 10 21 14 4 10 6 21
split_gain=0.0516124 0.0746566 0.0540131 0.0458943 0.0373264 0.0367982 0.0781082 0.0478861 0.069646 0.0358344 0.0544577 0.0313148 0.0305417 0.0285628
threshold=0.0057615641722481578 0.025166433753292135 0.023104684729868548 0.021410719511832269 0.047443847831926338 0.13823948390760324 21.715000000000003 17.555000000000003 0.020493901531915461 4.6950000000000012 0.013911111919790303 19.055000000000003 -0.39370646010687743 0.058050562914002138
decision_type=10 8 8 10 10 10 2 2 10 2 10 2 10 10
left_child=2 5 3 9 11 7 -7 8 -2 10 13 -4 -13 -1
right_child=1 -3 4 -5 -6 6 -8 -9 -10 -11 -12 12 -14 -15
leaf_value=0.00015704418717828517 0.0004720506892302168 0.00090349846336822441 -0.00016858237491030977 -0.00034039981325148863 0.00014096944911655334 -0.0001452053585738368 0.0011706761904578243 -0.00017394793913821634 -0.00011887980059649617 0.00057880225323503256 -0.00049067134703452712 -0.00033746958796145032 -0.0010012602564996066 -0.00021037147425535051
leaf_weight=1043 381 107 186 300 115 81 80 567 338 112 163 122 130 232
leaf_count=1043 381 107 186 300 115 81 80 567 338 112 163 122 130 232
internal_value=7.90347e-06 0.000142583 -7.92157e-05 -1.39828e-06 -0.000339073 8.57311e-05 0.000511839 3.20285e-05 0.000194477 6.43921e-05 2.39524e-05 -0.000465145 -0.000682505 9.00765e-05
internal_weight=3957 1554 2403 1850 553 1447 161 1286 719 1550 1438 438 252 1275
internal_count=3957 1554 2403 1850 553 1447 161 1286 719 1550 1438 438 252 1275
is_linear=0
shrinkage=0.03


Tree=32
num_leaves=15
num_cat=0
split_feature=20 4 27 5 10 22 10 18 27 21 25 17 10 14
split_gain=0.0480343 0.0458994 0.0668358 0.0362926 0.0346794 0.0633435 0.064583 0.0341131 0.0316986 0.0409969 0.0298121 0.0283412 0.0314846 0.0214116
threshold=0.4807952455519095 1.0000000180025095e-35 -0.055524284341647683 -0.03396908985915871 20.315000000000001 0.35500000000000004 24.895000000000003 5.0250000000000012 0.021890886129259938 0.033432962300020942 0.069209825787545268 0.038992239115251688 23.195000000000004 2.6050000000000004
decision_type=10 10 8 10 2 2 2 2 10 10 10 10 2 2
left_child=1 2 -1 -3 7 6 -6 -5 -9 -10 11 -7 13 -13
right_child=-2 3 -4 4 5 10 -8 8 9 -11 -12 12 -14 -15
leaf_value=0.0010888004260955423 0.00057705647309397366 0.00040297251264780277 -2.4126064367010256e-05 5.5633938967478363e-05 -0.00017513913028129277 -1.7563797348730249e-05 0.0009298975200214177 -0.00054584963710143438 0.00047549608477791559 -0.00044299555185378181 9.4592404246715629e-05 -0.00054351839507367776 -0.000624475583720329 7.9781485020205206e-05
leaf_weight=81 128 161 119 2019 111 158 82 177 88 85 144 81 398 125
leaf_count=81 128 161 119 2019 111 158 82 177 88 85 144 81 398 125
internal_value=7.66967e-06 -1.15101e-05 0.000429784 -3.59422e-05 -5.64289e-05 -0.00019563 0.000296732 8.20289e-06 -0.000264785 2.42617e-05 -0.000300726 -0.000375458 -0.000468896 -0.000166744
internal_weight=3957 3829 200 3629 3468 1099 193 2369 350 173 906 762 604 206
internal_count=3957 3829 200 3629 3468 1099 193 2369 350 173 906 762 604 206
is_linear=0
shrinkage=0.03


Tree=33
num_leaves=15
num_cat=0
split_feature=4 20 6 27 4 2 21 22 22 20 13 22 18 10
split_gain=0.0458194 0.0517286 0.0443243 0.0523275 0.0358025 0.0336283 0.0422079 0.0407376 0.0519597 0.0245332 0.0228049 0.0221562 0.0405923 0.0318298
threshold=0.018188861621825776 0.4807952455519095 -1.6984218407490979 -0.06451944866030733 0.020034125785569876 0.029085316427434286 0.0045883146773942635 1.5150000000000003 1.8450000000000004 0.090813073236928735 1.0280696635856172 0.015000000000000001 4.5050000000000008 17.675000000000004
decision_type=10 10 10 8 10 10 10 2 2 8 10 2 2 2
left_child=1 2 3 -1 -2 6 -4 -7 -9 10 -5 -8 13 -13
right_child=4 -3 5 9 -6 7 11 8 -10 -11 -12 12 -14 -15
leaf_value=0.00089000388730324411 -0.0007009177198732629 0.00063941708675063237 0.00027077906035290742 0.00046479806746859028 5.6482223844795946e-06 -0.00038217718532529361 -0.00031337777988842347 0.00071048592386210743 -0.00032312514391688113 -0.00025574780912787561 -5.9820101243264904e-05 7.1896741630654828e-05 0.00062309937223538076 -0.00019720390567811168
leaf_weight=98 140 122 483 190 119 439 237 81 93 112 122 965 87 669
leaf_count=98 140 122 483 190 119 439 237 81 93 112 122 965 87 669
internal_value=7.44967e-06 3.45059e-05 1.36956e-05 0.00026889 -0.000377506 -2.99968e-05 1.99146e-05 -0.000228456 0.000159349 0.000123574 0.000260123 -4.20753e-05 -4.55379e-06 -3.83329e-05
internal_weight=3957 3698 3576 522 259 3054 2441 613 174 424 312 1958 1721 1634
internal_count=3957 3698 3576 522 259 3054 2441 613 174 424 312 1958 1721 1634
is_linear=0
shrinkage=0.03


Tree=34
num_leaves=15
num_cat=0
split_feature=8 4 5 28 20 10 21 11 2 21 10 14 4 18
split_gain=0.0464066 0.0643645 0.0533679 0.0639569 0.0498637 0.0367689 0.0549892 0.0382596 0.0356447 0.0298079 0.0312339 0.029206 0.046064 0.0275205
threshold=0.0057615641722481578 0.025166433753292135 -0.03396908985915871 0.023104684729868548 0.2736626580012767 15.695000000000002 0.020493901531915461 0.20829458352204935 0.021410719511832269 0.045420433063265951 19.055000000000003 4.6950000000000012 0.013777426395403157 2.5050000000000003
decision_type=10 8 8 8 10 2 10 10 10 10 2 2 10 2
left_child=2 4 -1 8 5 6 -2 -7 11 10 -5 12 13 -4
right_child=1 -3 3 9 -6 7 -8 -9 -10 -11 -12 -13 -14 -15
leaf_value=0.00050192733711596426 0.00048518272236650458 0.00084146823054955639 0.000135000002473103 -0.00022813373699730779 0.00060588938074200701 -0.00020214935550321347 -0.00010331337088110476 0.00044049452191757149 -0.00032379864888502425 4.5853205519961194e-05 -0.00077068517310731755 0.00052677410854704422 -0.00049257618628497073 -0.00020748272180320769
leaf_weight=135 297 107 956 172 146 635 274 95 300 101 217 100 152 270
leaf_count=135 297 107 956 172 146 635 274 95 300 101 217 100 152 270
internal_value=7.23712e-06 0.000134944 -7.53717e-05 -0.000109941 8.21543e-05 2.29599e-05 0.0002031 -0.000118029 -2.62261e-05 -0.000413034 -0.000531991 3.43524e-05 -1.7382e-06 5.9468e-05
internal_weight=3957 1554 2403 2268 1447 1301 571 730 1778 490 389 1478 1378 1226
internal_count=3957 1554 2403 2268 1447 1301 571 730 1778 490 389 1478 1378 1226
is_linear=0
shrinkage=0.03


Tree=35
num_leaves=15
num_cat=0
split_feature=17 25 6 4 25 28 18 28 8 5 21 21 10 21
split_gain=0.0493988 0.064748 0.0427044 0.0418558 0.0337035 0.0404061 0.026386 0.0238714 0.0217766 0.03632 0.0346926 0.0525385 0.0374903 0.0346181
threshold=0.10515026543487986 0.062932542423177085 -2.6820789299923944 0.012860960111330371 0.0492469609000874 0.036812688144038493 3.8250000000000006 0.013824552006283441 0.00087751952101866604 -0.017870446301625448 0.020493901531915461 0.011516578439242066 14.495000000000003 0.0051041778553253805
decision_type=8 10 10 10 8 10 2 10 10 10 10 10 2 10
left_child=1 2 7 -3 5 8 -6 -1 9 -4 11 12 -10 -14
right_child=-2 3 4 -5 6 -7 -8 -9 10 -11 -12 -13 13 -15
leaf_value=9.0267622851700129e-05 -0.00059965801128948268 0.00015774112483554347 0.00019979442838444239 0.0010699251186167935 -0.0001277543573087314 -0.00063051896037844316 -0.00068269355756339601 0.00078046412054451071 0.0004449762476058201 -0.00014234065481302205 -7.4238259310015141e-05 0.0006920651798127972 0.00022492007218957789 -0.00027638247030336058
leaf_weight=90 120 102 362 81 228 89 116 90 204 1210 623 169 236 259
leaf_count=90 120 102 362 81 228 89 116 90 204 1210 623 169 236 259
internal_value=-2.78252e-06 1.59285e-05 -1.15575e-05 0.000565115 -3.48109e-05 -3.99705e-06 -0.000316321 0.000437771 1.44073e-05 -6.34769e-05 9.65102e-05 0.000219008 0.00010381 -3.7406e-05
internal_weight=3979 3859 3676 183 3496 3152 344 180 3063 1572 1491 868 699 495
internal_count=3979 3859 3676 183 3496 3152 344 180 3063 1572 1491 868 699 495
is_linear=0
shrinkage=0.03


Tree=36
num_leaves=15
num_cat=0
split_feature=4 20 3 18 25 18 8 21 18 21 14 10 6 4
split_gain=0.0478116 0.0426331 0.0700153 0.0452901 0.0462881 0.0441925 0.0551655 0.0353811 0.0314944 0.084639 0.0623914 0.0487455 0.0322656 0.0394525
threshold=0.018188861621825776 0.2736626580012767 0.012828045856763779 2.4450000000000007 0.047956943388530009 1.5650000000000002 0.0057615641722481578 0.0060480531882803274 0.14500000000000005 0.013168942730205265 2.1350000000000002 13.995000000000003 -0.22871136144033496 0.012541894385899836
decision_type=10 10 8 2 8 2 10 10 2 10 2 2 10 10
left_child=1 3 -3 5 -5 8 -7 -8 9 11 -11 -1 13 -10
right_child=-2 2 -4 4 -6 6 7 -9 12 10 -12 -13 -14 -15
leaf_value=0.00041036576594310846 -0.000392010032386027 5.1412243453796688e-05 0.0010891839850080878 -7.576254493506548e-05 -0.00061309738023180302 1.6483919118752283e-05 0.00025637283163748429 0.0010032362258443456 0.00028639301411470324 5.1883418533502788e-05 0.0010201973819225119 -0.00013419048769695572 -0.00031229178813677266 -0.00025077664763283508
leaf_weight=183 264 179 86 645 185 263 109 121 265 106 137 754 454 228
leaf_count=183 264 179 86 645 185 263 109 121 265 106 137 754 454 228
internal_value=-2.69055e-06 2.50738e-05 0.000391027 -3.14082e-06 -0.000196124 5.80465e-05 0.000313659 0.00065193 -1.31947e-06 0.000102059 0.000599749 -2.75123e-05 -0.000130106 3.79609e-05
internal_weight=3979 3715 265 3450 830 2620 493 230 2127 1180 243 937 947 493
internal_count=3979 3715 265 3450 830 2620 493 230 2127 1180 243 937 947 493
is_linear=0
shrinkage=0.03


Tree=37
num_leaves=15
num_cat=0
split_feature=8 1 28 6 2 22 20 14 21 28 9 3 18 22
split_gain=0.0351487 0.0431423 0.0420948 0.0339181 0.0345 0.0460498 0.0379483 0.0480627 0.0573834 0.0505791 0.0288468 0.0438027 0.0249165 0.0472618
threshold=0.0057615641722481578 -0.015196660047521069 0.023553796759667667 inf 0.06516922666967552 1.405 0.21831220358595052 2.4450000000000007 0.0045883146773942635 0.015721118036997991 0.0029464951203917703 0.0080859321696473193 0.38500000000000006 1.135
decision_type=10 8 8 8 10 2 10 2 10 10 10 10 2 2
left_child=1 -1 10 4 6 -6 7 9 -9 -2 11 -3 13 -11
right_child=3 2 -4 -5 5 -7 -8 8 -10 12 -12 -13 -14 -15
leaf_value=0.0001638031295528813 -0.00014390344790944615 -4.8198473089427579e-05 -0.00042827482294664917 0.00064495264042775625 -0.00081845315249073642 0.00017968324325651067 0.00061561297937711118 0.00042622040481522132 -0.00024196869238091132 -0.00026941393594218728 -9.8833865545757141e-06 -0.00083141451988818257 0.00088815168778905097 0.00061307311697812066
leaf_weight=530 165 166 371 98 85 80 126 147 529 80 1229 104 101 168
leaf_count=530 165 166 371 98 85 80 126 147 529 80 1229 104 101 168
internal_value=-2.59169e-06 -7.49034e-05 -0.00014261 0.000107296 7.13075e-05 -0.000336341 0.000122635 6.99643e-05 -9.62523e-05 0.000288331 -7.16695e-05 -0.000351836 0.000492509 0.000328461
internal_weight=3979 2400 1870 1579 1481 165 1316 1190 676 514 1499 270 349 248
internal_count=3979 2400 1870 1579 1481 165 1316 1190 676 514 1499 270 349 248
is_linear=0
shrinkage=0.03


Tree=38
num_leaves=15
num_cat=0
split_feature=17 20 17 18 18 4 20 14 4 4 22 28 5 17
split_gain=0.0447746 0.0403616 0.0644593 0.0395618 0.0533599 0.0573796 0.0393213 0.047327 0.0302219 0.0374861 0.0365235 0.031702 0.0271801 0.0278873
threshold=0.10817565937593283 0.2736626580012767 0.071265810797474849 2.4450000000000007 1.5650000000000002 0.0074186744145895009 -0.0041841248352582619 2.6550000000000007 0.018045745115052397 0.01581131416055901 1.8550000000000002 0.023104684729868548 -0.017870446301625448 0.064585724347364162
decision_type=8 10 10 2 2 10 10 2 10 8 2 10 8 10
left_child=1 3 -3 4 8 -6 -7 -8 9 11 -11 -1 -5 -14
right_child=-2 2 -4 12 5 6 7 -9 -10 10 -12 -13 13 -15
leaf_value=3.3219304514057363e-05 -0.00060215425944605138 4.6342630669582629e-05 0.0010346709886785406 0.00014778805071546228 0.00095332953310571598 -0.00031850070235933263 0.0009603852997167484 8.7365815433980919e-05 -0.00047122701633211801 0.00075752348224164328 -4.0138371387001828e-05 -0.00026546488481338145 -0.0001545157074317537 -0.00057800676977624074
leaf_weight=1479 108 183 87 179 104 109 80 181 123 112 95 407 544 188
leaf_count=1479 108 183 87 179 104 109 80 181 123 112 95 407 544 188
internal_value=-2.50836e-06 1.43728e-05 0.000367447 -1.2195e-05 4.56804e-05 0.000334224 0.000158104 0.000357602 -1.61617e-05 1.07936e-05 0.000393014 -3.13435e-05 -0.000182952 -0.000263921
internal_weight=3979 3871 270 3601 2690 474 370 261 2216 2093 207 1886 911 732
internal_count=3979 3871 270 3601 2690 474 370 261 2216 2093 207 1886 911 732
is_linear=0
shrinkage=0.03


Tree=39
num_leaves=15
num_cat=0
split_feature=17 25 27 6 10 22 24 21 21 5 10 17 27 12
split_gain=0.0422291 0.0577221 0.0479441 0.0354038 0.0289723 0.0977522 0.0627454 0.0321188 0.0869157 0.0402139 0.0344828 0.0301451 0.0243992 0.0239509
threshold=0.10515026543487986 0.062932542423177085 0.0098368855142751972 -2.6820789299923944 21.635000000000002 0.35500000000000004 0.70491242926504261 0.020493901531915461 0.011516578439242066 0.017840200123255528 14.495000000000003 0.038992239115251688 -0.047307851841175801 0.0039906941312855002
decision_type=8 10 10 10 2 2 8 10 8 10 2 10 8 10
left_child=1 3 -3 12 7 6 -6 8 10 13 -5 -7 -1 -9
right_child=-2 2 -4 4 5 11 -8 9 -10 -11 -12 -13 -14 -15
leaf_value=0.00078512623127877568 -0.00055428428884203812 9.3449940237298819e-05 0.0010676655031674742 0.00020810017940638229 0.0010634069806999631 3.8753065859206496e-05 -0.00010234624374154305 -0.00014034138203113615 0.0005887992805448264 -0.00050678863956117766 -0.00012930056089285584 -0.00045201720025033859 8.3679868220144158e-05 0.00015346466565937836
leaf_weight=80 120 101 82 437 80 143 85 633 277 182 721 527 100 411
leaf_count=80 120 101 82 437 80 143 85 633 277 182 721 527 100 411
internal_value=-2.42112e-06 1.48788e-05 0.000533414 -1.10731e-05 -3.22456e-05 -0.000186304 0.000465869 1.61487e-05 0.000112451 -9.65699e-05 -1.90434e-06 -0.000347369 0.000398049 -2.46402e-05
internal_weight=3979 3859 183 3676 3496 835 165 2661 1435 1226 1158 670 180 1044
internal_count=3979 3859 183 3676 3496 835 165 2661 1435 1226 1158 670 180 1044
is_linear=0
shrinkage=0.03


Tree=40
num_leaves=15
num_cat=0
split_feature=8 4 2 20 22 17 3 21 4 3 2 2 21 25
split_gain=0.0490261 0.0433699 0.0371046 0.0479122 0.0414461 0.0324661 0.0348185 0.0328657 0.0315794 0.0387585 0.0384225 0.0247578 0.0235559 0.0228342
threshold=0.0057615641722481578 0.0015910094011025685 0.06516922666967552 0.2736626580012767 1.3550000000000002 0.044057378855067893 0.011940703665585596 0.0034539519539484348 0.014251737347478073 0.017861161103498533 0.032232581413639945 -0.027663784200625315 0.017486830679517121 0.046280040030915577
decision_type=10 10 10 10 2 10 10 10 10 10 10 10 10 8
left_child=8 -2 3 5 -4 6 12 -7 10 11 13 -10 -3 -1
right_child=1 2 4 -5 -6 7 -8 -9 9 -11 -12 -13 -14 -15
leaf_value=5.9881219989536954e-05 0.00074116499201765465 0.0002853071910944546 -0.00078836557523604344 0.00075137213330066818 0.00015605175984092056 0.00035645597716679463 0.00069121976464154482 -0.00016823117810048414 -0.00017980772255188118 0.0001085061855769225 -0.00043548839751915338 -0.00070717968753115196 -0.00018789608486040758 -0.00021538482226194267
leaf_weight=1442 96 276 86 105 80 135 126 511 139 140 194 191 143 333
leaf_count=1442 96 276 86 105 80 135 126 511 139 140 194 191 143 333
internal_value=-4.60478e-06 0.000126807 8.59873e-05 0.000140129 -0.000335016 8.56557e-05 0.000255967 -5.82015e-05 -8.85665e-05 -0.00030924 -3.57615e-05 -0.000486259 0.000123745 8.14756e-06
internal_weight=3997 1558 1462 1296 166 1191 545 646 2439 470 1969 330 419 1775
internal_count=3997 1558 1462 1296 166 1191 545 646 2439 470 1969 330 419 1775
is_linear=0
shrinkage=0.03


Tree=41
num_leaves=15
num_cat=0
split_feature=6 24 2 28 24 18 25 24 25 21 21 13 13 21
split_gain=0.0334229 0.0478019 0.0326743 0.0321132 0.0641547 0.0385643 0.0331897 0.0344094 0.0293304 0.0228197 0.0479516 0.0399087 0.0285951 0.0231048
threshold=-0.59619634511572206 -0.34517106481616822 0.013035112383961158 0.035187911539250959 0.11811559303478882 3.0850000000000004 0.043319498466261271 -0.20463877062141014 0.065127360251500357 0.020493901531915461 0.011516578439242066 0.77885185292528747 1.0878015878290173 0.0056195148694765376
decision_type=10 8 10 10 8 2 10 10 10 10 10 10 10 10
left_child=2 -2 -1 5 -5 8 7 -7 9 10 11 -3 -12 -13
right_child=1 3 -4 4 -6 6 -8 -9 -10 -11 12 13 -14 -15
leaf_value=6.0220771828667225e-05 0.00052109376077025531 0.00043036980096017942 0.00056637852171045389 -0.00096167155075009862 0.0001535579056987289 -0.00042517099152944866 -0.00070788707482580347 0.00036876588706272065 0.00053569169520787578 -0.00022098246381734577 7.6394900494441181e-05 8.9780968432501629e-06 0.00075217165877177687 -0.00031661054540389625
leaf_weight=1550 113 124 123 107 81 124 144 80 82 459 111 410 114 375
leaf_count=1550 113 124 123 107 81 124 144 80 82 459 111 410 114 375
internal_value=-4.46313e-06 -7.80546e-05 9.77499e-05 -0.000108898 -0.000482904 -7.39194e-05 -0.000360802 -0.000113543 -1.41366e-05 -4.27574e-05 2.95124e-05 -6.76476e-05 0.000420602 -0.000146763
internal_weight=3997 2324 1673 2211 188 2023 348 204 1675 1593 1134 909 225 785
internal_count=3997 2324 1673 2211 188 2023 348 204 1675 1593 1134 909 225 785
is_linear=0
shrinkage=0.03


Tree=42
num_leaves=15
num_cat=0
split_feature=8 5 3 6 18 22 28 22 13 10 24 14 18 17
split_gain=0.0456782 0.0517439 0.0426902 0.0409323 0.0324701 0.0827246 0.0439447 0.0287916 0.0451171 0.0254917 0.054746 0.0275629 0.0264028 0.0254647
threshold=0.0057615641722481578 -0.017283163037156535 0.010267689891681387 inf 3.1950000000000007 0.19500000000000003 0.017618232186284808 0.56500000000000006 1.055469694545359 20.460000000000004 0.14153108555642768 2.4450000000000007 0.14500000000000005 0.038215106675599561
decision_type=10 8 8 8 2 2 10 2 10 2 10 2 2 10
left_child=1 7 -3 4 5 -2 -6 -1 -9 11 -11 12 -7 -14
right_child=3 2 -4 -5 6 9 -8 8 -10 10 -12 -13 13 -15
leaf_value=0.00042107840081697734 0.00084244173450308789 -3.6219629078985965e-05 -0.00032513797272146525 0.0007226712392639456 0.00031418555046548133 0.00053647349957367224 -0.00050697913429155299 0.00039138163095807431 -0.00031469883816636712 -0.00032183620078713452 0.00053116859940865676 -5.8353711456480333e-05 0.00041409216174932744 -0.00032032662590503349
leaf_weight=233 136 1065 810 95 89 232 168 141 190 305 86 279 83 85
leaf_count=233 136 1065 810 95 89 232 168 141 190 305 86 279 83 85
internal_value=-4.32292e-06 -8.53672e-05 -0.000161139 0.000122523 8.3085e-05 0.000148334 -0.000222491 0.000166374 -1.36485e-05 5.94068e-05 -0.000133342 0.000170434 0.000329761 4.28145e-05
internal_weight=3997 2439 1875 1558 1463 1206 257 564 331 1070 391 679 400 168
internal_count=3997 2439 1875 1558 1463 1206 257 564 331 1070 391 679 400 168
is_linear=0
shrinkage=0.03


Tree=43
num_leaves=15
num_cat=0
split_feature=17 25 10 27 18 18 20 14 22 9 18 17 17 22
split_gain=0.0324396 0.0441101 0.0416493 0.0364746 0.0335397 0.057439 0.0452278 0.0323253 0.0806868 0.0312451 0.0271097 0.0342794 0.0289617 0.0724188
threshold=0.10515026543487986 0.062932542423177085 31.310000000000006 -0.00089836485985639303 2.4450000000000007 1.5650000000000002 0.0059172288235014312 4.7650000000000006 0.015000000000000001 0.0037667640594334843 1.0650000000000002 0.038699245198678019 0.062101359691563641 1.9450000000000001
decision_type=8 10 2 10 2 2 10 2 2 10 2 10 10 2
left_child=1 2 4 -3 5 10 -7 -6 -9 -8 11 -1 -13 -14
right_child=-2 3 -4 -5 7 6 9 8 -10 -11 -12 12 13 -15
leaf_value=0.00022014765420768021 -0.00048182323995265067 4.999547020166314e-05 -0.00058791637525321279 0.00094549591075284052 -0.00023370134089916624 0.00014353495306244844 0.0011759320222794216 -0.00036221672883959187 0.00088966186636346657 0.0003600381449739317 -0.00033139191692116318 -0.00012221591836266132 0.00087699073811396667 -0.00013588972184946148
leaf_weight=592 123 83 108 80 755 323 80 101 84 91 206 1094 97 180
leaf_count=592 123 83 108 80 755 323 80 101 84 91 206 1094 97 180
internal_value=-4.17605e-06 1.11097e-05 -1.01656e-05 0.00049259 7.31085e-06 6.16935e-05 0.000353292 -0.000146656 0.000207931 0.00074636 -4.85159e-06 2.95673e-05 -5.28261e-05 0.00022068
internal_weight=3997 3874 3711 163 3603 2663 494 940 185 171 2169 1963 1371 277
internal_count=3997 3874 3711 163 3603 2663 494 940 185 171 2169 1963 1371 277
is_linear=0
shrinkage=0.03


Tree=44
num_leaves=15
num_cat=0
split_feature=8 5 3 6 2 20 14 28 22 28 17 22 28 9
split_gain=0.0422713 0.0489068 0.0397188 0.0381951 0.0354363 0.0429882 0.0416159 0.0417097 0.0374591 0.035935 0.0340795 0.0266366 0.0315521 0.0209116
threshold=0.0057615641722481578 -0.017283163037156535 0.010267689891681387 inf 0.06516922666967552 0.2736626580012767 2.4450000000000007 0.015900850023191467 1.3550000000000002 0.017618232186284808 0.044057378855067893 0.56500000000000006 0.025569659265558296 0.0035823485681670806
decision_type=10 8 8 8 10 10 2 10 2 10 10 2 10 10
left_child=1 11 -3 4 5 6 7 -2 -6 -8 -9 -1 -13 -4
right_child=3 2 13 -5 8 -7 9 10 -10 -11 -12 12 -14 -15
leaf_value=0.00040773220701386233 -8.9163549508401184e-05 -3.5167893315206953e-05 -0.00057190237308766103 0.00069772498992392673 -0.0007625153216413936 0.00071177235718834092 0.00019049970967898843 0.00083021860776495162 0.00013544110193227727 -0.00025528118375304099 0.00022148127552391086 0.00015517462964821573 -0.00052546207338444346 -0.00022331063078492657
leaf_weight=233 178 1065 209 95 86 105 273 142 80 400 199 251 80 601
leaf_count=233 178 1065 209 95 86 105 273 142 80 400 199 251 80 601
internal_value=-4.03271e-06 -8.19961e-05 -0.000155662 0.000117991 7.98949e-05 0.000132769 8.12124e-05 0.000282802 -0.000331546 -7.44374e-05 0.000476659 0.000162745 -1.04169e-05 -0.00031385
internal_weight=3997 2439 1875 1558 1463 1297 1192 519 166 673 341 564 331 810
internal_count=3997 2439 1875 1558 1463 1297 1192 519 166 673 341 564 331 810
is_linear=0
shrinkage=0.03


Tree=45
num_leaves=15
num_cat=0
split_feature=18 18 6 8 28 24 4 23 20 13 4 3 14 2
split_gain=0.0348189 0.0442644 0.0324845 0.0397837 0.0351241 0.0539397 0.0373903 0.0317886 0.0265744 0.038534 0.0254377 0.0467228 0.0246699 0.0344291
threshold=5.0250000000000012 5.2250000000000005 -0.59619634511572206 0.028294117238764741 0.035187911539250959 0.095989320750666199 0.016107443502169489 0.22314355131421007 0.025519791140260015 1.9665991840300068 0.014314202107602385 0.010756329437637104 3.3250000000000006 0.027300161962156459
decision_type=2 2 10 10 10 8 8 8 8 10 10 10 2 10
left_child=2 -2 3 7 6 -6 12 8 9 -1 11 -3 13 -4
right_child=1 10 4 -5 5 -7 -8 -9 -10 -11 -12 -13 -14 -15
leaf_value=0.00024695576701241087 -0.00082258967435486685 0.00053100395540695889 0.00011143729485134142 0.0007855231346413212 -0.00088142436554709282 0.00012632549846753607 0.00042753878223104116 0.00058871401737534048 -0.00013018405111242003 -0.00036416705088325013 -0.00042822948593224976 -0.0003754847208007337 -0.00025740657201748368 -0.0002098779489828428
leaf_weight=665 96 110 967 80 106 86 162 109 439 107 125 94 391 434
leaf_count=665 96 110 967 80 106 86 162 109 439 107 125 94 391 434
internal_value=-3.06962e-06 -0.000259337 2.77094e-05 0.000140077 -4.56275e-05 -0.000431721 -7.48857e-06 0.000100394 5.59914e-05 0.000161892 -9.29895e-05 0.000113514 -4.70323e-05 1.1822e-05
internal_weight=3971 425 3546 1400 2146 192 1954 1320 1211 772 329 204 1792 1401
internal_count=3971 425 3546 1400 2146 192 1954 1320 1211 772 329 204 1792 1401
is_linear=0
shrinkage=0.03


Tree=46
num_leaves=15
num_cat=0
split_feature=18 18 6 8 28 10 10 13 3 18 7 22 21 10
split_gain=0.0327801 0.0416754 0.0305761 0.0374644 0.0330673 0.0381571 0.0294925 0.0325659 0.0230919 0.0228753 0.0249225 0.0204701 0.0223948 0.049172
threshold=5.0250000000000012 5.2250000000000005 -0.59619634511572206 0.028294117238764741 0.035187911539250959 30.655000000000005 23.435000000000006 0.54825596691944189 0.0096390870102493007 0.13500000000000004 -0.0067573357693389005 2.6650000000000005 0.020493901531915461 13.795000000000002
decision_type=2 2 10 10 10 2 2 10 10 2 10 2 10 2
left_child=2 -2 3 6 5 11 7 -1 -3 -8 -11 12 13 -4
right_child=1 8 4 -5 -6 -7 9 -9 -10 10 -12 -13 -14 -15
leaf_value=-0.00018828903834875119 -0.00079816639488178894 0.00031399704123981316 0.0004603777801346344 0.00076224837362705896 -0.00041888642229786425 0.00049558116581408288 0.00018875358771361386 0.00025372917257114472 -0.00024544701893243031 -0.00075010514523587122 -6.4819197677455748e-05 -0.0004551504948219243 -0.00015756019653146875 -3.7850264389850133e-05
leaf_weight=182 96 91 224 80 192 126 107 836 238 82 113 101 645 858
leaf_count=182 96 91 224 80 192 126 107 836 238 82 113 101 645 858
internal_value=-2.98246e-06 -0.000251634 2.68819e-05 0.000135899 -4.42682e-05 -7.26282e-06 9.73896e-05 0.000174597 -9.02246e-05 -0.000162583 -0.000355348 -4.21747e-05 -1.77733e-05 6.56248e-05
internal_weight=3971 425 3546 1400 2146 1954 1320 1018 329 302 195 1828 1727 1082
internal_count=3971 425 3546 1400 2146 1954 1320 1018 329 302 195 1828 1727 1082
is_linear=0
shrinkage=0.03


Tree=47
num_leaves=15
num_cat=0
split_feature=18 18 1 10 16 9 8 17 17 25 7 28 21 8
split_gain=0.0308547 0.0392413 0.0306402 0.028505 0.0388535 0.0484392 0.0417282 0.0241083 0.0256969 0.0244272 0.0220957 0.0212753 0.0203909 0.0250741
threshold=5.0250000000000012 5.2250000000000005 -0.031774112213048149 21.635000000000002 0.11580842425941608 0.0033683432328787655 0.013464558902315462 0.062101359691563641 0.049639485816703625 0.047956943388530009 0.016199693284492781 0.014759982896903941 0.058050562914002138 0.013464558902315462
decision_type=2 2 8 2 10 10 10 10 8 10 10 10 10 10
left_child=2 -2 -1 7 5 -5 -6 8 12 -9 -7 -3 13 -4
right_child=1 11 3 4 6 10 -8 9 -10 -11 -12 -13 -14 -15
leaf_value=0.0004041175078586108 -0.00077446825945144996 0.00028101615579516597 6.2572517260795811e-05 0.0004573034077957652 -0.00017627167667988799 -0.00034415054502169367 0.00078200130619936518 0.00064287196353600331 -0.00015911188867356868 2.4166146067727822e-06 0.00012852157390952219 -0.00024439409558218701 -0.00018606267851489509 0.00036483574111699919
leaf_weight=182 96 98 1109 88 82 674 80 122 485 95 102 231 210 317
leaf_count=182 96 98 1109 88 82 674 80 122 485 95 102 231 210 317
internal_value=-2.89783e-06 -0.000244137 2.60761e-05 5.50923e-06 -0.000126244 -0.000206201 0.000298844 6.33565e-05 3.24626e-05 0.000363786 -0.000281936 -8.75116e-05 8.93183e-05 0.000129974
internal_weight=3971 425 3546 3364 1026 864 162 2338 2121 217 776 329 1636 1426
internal_count=3971 425 3546 3364 1026 864 162 2338 2121 217 776 329 1636 1426
is_linear=0
shrinkage=0.03


Tree=48
num_leaves=15
num_cat=0
split_feature=18 18 1 17 25 10 22 10 17 22 17 4 3 3
split_gain=0.0290464 0.0369491 0.0290742 0.0270581 0.0268168 0.0371707 0.0509406 0.027339 0.0273246 0.0308123 0.0237249 0.0235907 0.0428346 0.0215326
threshold=5.0250000000000012 5.2250000000000005 -0.03709899928541071 0.10515026543487986 0.062932542423177085 21.635000000000002 0.35500000000000004 31.015000000000004 0.062101359691563641 2.1750000000000003 0.049639485816703625 0.014314202107602385 0.010756329437637104 0.012709802016292066
decision_type=2 2 8 8 10 2 2 2 10 2 10 10 10 8
left_child=2 -2 -1 4 5 8 -7 -8 10 -10 13 12 -3 -4
right_child=1 11 3 -5 -6 6 7 -9 9 -11 -12 -13 -14 -15
leaf_value=0.00046565863241154986 -0.00075147373703207589 0.00051368560262965955 3.3125572585794668e-05 -0.00046558338422411389 0.00040498199104368272 0.00031006514684486314 -0.00020745340564725637 -0.00076113289498298017 0.00067766818907232212 -5.8866983669919562e-05 -0.00015253279917608578 -0.00040773061701440298 -0.00035427802590359196 0.00030597236429794403
leaf_weight=129 96 110 1326 104 157 159 561 93 129 84 481 125 94 323
leaf_count=129 96 110 1326 104 157 159 561 93 129 84 481 125 94 323
internal_value=-2.80152e-06 -0.000236865 2.53106e-05 8.55502e-06 2.35749e-05 4.47899e-06 -0.000170178 -0.000287229 6.51301e-05 0.000388286 3.26475e-05 -8.48829e-05 0.000113964 8.67228e-05
internal_weight=3971 425 3546 3417 3313 3156 813 654 2343 213 2130 329 204 1649
internal_count=3971 425 3546 3417 3313 3156 813 654 2343 213 2130 329 204 1649
is_linear=0
shrinkage=0.03


Tree=49
num_leaves=15
num_cat=0
split_feature=6 20 28 22 8 22 2 12 22 1 14 22 3 10
split_gain=0.030317 0.0354338 0.0454795 0.0464655 0.0344602 0.0293585 0.0309861 0.028952 0.0285069 0.0258288 0.0265628 0.0250021 0.0248759 0.0245385
threshold=-0.59619634511572206 0.26531412553108519 0.036812688144038493 0.015000000000000001 0.028294117238764741 0.35500000000000004 0.023755809399092612 0.025980548459770606 0.74500000000000011 -0.023538060569597615 2.9450000000000007 2.6650000000000005 0.012759060464623448 25.725000000000005
decision_type=10 10 10 2 10 2 10 10 2 8 2 2 10 2
left_child=4 2 3 -2 9 6 7 -5 -7 -1 -11 -10 -3 -12
right_child=1 12 -4 5 -6 8 -8 -9 11 10 13 -13 -14 -15
leaf_value=0.00035130405014034992 -0.00044714292667184812 -1.3598528967122546e-05 -0.00063885169792710637 0.00018357634331217743 0.00068670688730240465 -0.00038796050990380794 -0.00013351860979711811 0.00089702157661492856 2.3851629319884625e-05 0.00014895984470265797 -5.0363302015896503e-05 -0.00048675008203606418 0.00068226787556583681 -0.00059455806648303915
leaf_weight=237 257 95 135 141 83 223 133 80 1054 657 610 93 89 84
leaf_count=237 257 95 135 141 83 223 133 80 1054 657 610 93 89 84
internal_value=-2.72086e-06 -7.33625e-05 -0.000108127 -7.16559e-05 9.44976e-05 -1.54545e-05 0.000227704 0.000444714 -7.84057e-05 6.31319e-05 1.23566e-05 -1.79364e-05 0.000324858 -0.000116992
internal_weight=3971 2300 2116 1981 1671 1724 354 221 1370 1588 1351 1147 184 694
internal_count=3971 2300 2116 1981 1671 1724 354 221 1370 1588 1351 1147 184 694
is_linear=0
shrinkage=0.03


end of trees

feature_importances:
DFF_vol_20d=60
vol_60d=59
T10Y2Y_lvl=59
DGS10_lvl=51
VIX_lvl=50
DFF_lvl=44
BRENT_vol_20d=43
DGS10_vol_20d=37
zscore_60d=36
vol_20d=33
T10Y2Y_vol_20d=31
ret_20d=27
DXY_ret_20d=24
dist_sma20=22
DFF_ret_20d=20
VIX_vol_20d=19
BRENT_ret_20d=16
DGS10_ret_20d=15
DXY_vol_20d=14
VIX_ret_20d=14
T10Y2Y_ret_20d=12
ret_5d=4
DXY_ret_5d=4
DGS10_ret_5d=2
T10Y2Y_ret_5d=2
VIX_ret_5d=1
BRENT_ret_5d=1

parameters:
[boosting: gbdt]
[objective: regression]
[metric: rmse]
[tree_learner: serial]
[device_type: cpu]
[data_sample_strategy: bagging]
[data: ]
[valid: ]
[num_iterations: 600]
[learning_rate: 0.03]
[num_leaves: 15]
[num_threads: 0]
[seed: 0]
[deterministic: 0]
[force_col_wise: 0]
[force_row_wise: 0]
[histogram_pool_size: -1]
[max_depth: -1]
[min_data_in_leaf: 80]
[min_sum_hessian_in_leaf: 0.001]
[bagging_fraction: 0.8]
[pos_bagging_fraction: 1]
[neg_bagging_fraction: 1]
[bagging_freq: 5]
[bagging_seed: 3]
[bagging_by_query: 0]
[feature_fraction: 0.8]
[feature_fraction_bynode: 1]
[feature_fraction_seed: 2]
[extra_trees: 0]
[extra_seed: 6]
[early_stopping_round: 0]
[early_stopping_min_delta: 0]
[first_metric_only: 0]
[max_delta_step: 0]
[lambda_l1: 0]
[lambda_l2: 1]
[linear_lambda: 0]
[min_gain_to_split: 0]
[drop_rate: 0.1]
[max_drop: 50]
[skip_drop: 0.5]
[xgboost_dart_mode: 0]
[uniform_drop: 0]
[drop_seed: 4]
[top_rate: 0.2]
[other_rate: 0.1]
[min_data_per_group: 100]
[max_cat_threshold: 32]
[cat_l2: 10]
[cat_smooth: 10]
[max_cat_to_onehot: 4]
[top_k: 20]
[monotone_constraints: ]
[monotone_constraints_method: basic]
[monotone_penalty: 0]
[feature_contri: ]
[forcedsplits_filename: ]
[refit_decay_rate: 0.9]
[cegb_tradeoff: 1]
[cegb_penalty_split: 0]
[cegb_penalty_feature_lazy: ]
[cegb_penalty_feature_coupled: ]
[path_smooth: 0]
[interaction_constraints: ]
[verbosity: -1]
[saved_feature_importance_type: 0]
[use_quantized_grad: 0]
[num_grad_quant_bins: 4]
[quant_train_renew_leaf: 0]
[stochastic_rounding: 1]
[linear_tree: 0]
[max_bin: 255]
[max_bin_by_feature: ]
[min_data_in_bin: 3]
[bin_construct_sample_cnt: 200000]
[data_random_seed: 1]
[is_enable_sparse: 1]
[enable_bundle: 1]
[use_missing: 1]
[zero_as_missing: 0]
[feature_pre_filter: 1]
[pre_partition: 0]
[two_round: 0]
[header: 0]
[label_column: ]
[weight_column: ]
[group_column: ]
[ignore_column: ]
[categorical_feature: ]
[forcedbins_filename: ]
[precise_float_parser: 0]
[parser_config_file: ]
[objective_seed: 5]
[num_class: 1]
[is_unbalance: 0]
[scale_pos_weight: 1]
[sigmoid: 1]
[boost_from_average: 1]
[reg_sqrt: 0]
[alpha: 0.9]
[fair_c: 1]
[poisson_max_delta_step: 0.7]
[tweedie_variance_power: 1.5]
[lambdarank_truncation_level: 30]
[lambdarank_norm: 1]
[label_gain: ]
[lambdarank_position_bias_regularization: 0]
[eval_at: ]
[multi_error_top_k: 1]
[auc_mu_weights: ]
[num_machines: 1]
[local_listen_port: 12400]
[time_out: 120]
[machine_list_filename: ]
[machines: ]
[gpu_platform_id: -1]
[gpu_device_id: -1]
[gpu_use_dp: 0]
[num_gpu: 1]

end of parameters

pandas_categorical:[]
