tree
version=v4
num_class=1
num_tree_per_iteration=1
label_index=0
max_feature_idx=28
objective=binary sigmoid:1
feature_names=ret_1d ret_5d ret_20d vol_20d vol_60d dist_sma20 zscore_60d DXY_ret_5d DXY_ret_20d DXY_vol_20d VIX_lvl VIX_ret_5d VIX_ret_20d VIX_vol_20d DGS10_lvl DGS10_ret_5d DGS10_ret_20d DGS10_vol_20d DFF_lvl DFF_ret_5d DFF_ret_20d DFF_vol_20d T10Y2Y_lvl T10Y2Y_ret_5d T10Y2Y_ret_20d T10Y2Y_vol_20d COPPER_ret_5d COPPER_ret_20d COPPER_vol_20d
feature_infos=[-0.12488260245214189:0.06218890282327294] [-0.12764813603400693:0.1098258035541777] [-0.17629174469888387:0.19205076900306839] [0.0009430652369104757:0.034266160845165865] [0.0016925342360626652:0.025268464597358022] [-0.073114441198262603:0.12667640912772044] [-4.4255050318821789:4.3247153971779726] [-0.079974460780886325:0.052918397191728417] [-0.10161625382829964:0.11629473925670908] [0.0012965675371935925:0.01288712818343282] [9.1400000000000006:82.689999999999998] [-0.55909291210651668:1.1407237740182365] [-0.76225097212909132:1.7991637635396711] [0.21885828147095893:10.231592920176725] [0.52000000000000002:5.2599999999999998] [-0.71149631922814183:0.36396537720141164] [-1.0608719606852626:0.36412376795172297] [0.015861240410776269:0.14514149176434346] [0.040000000000000001:5.4100000000000001] [-1.9924301646902063:1.4170660197866445] [-3.0910424533583156:1.5040773967762742] [0:0.61974082019060694] [-1.0800000000000001:2.9100000000000001] [-2.4849066497879999:2.3978952727983707] [-3.1354942159291492:3.0910424533583152] [0.0085069630922340617:0.13247045350806183] [-0.26397034778676443:0.18873944231605755] [-0.60895409632906017:0.34104771597443306] [0.0057941454813173737:0.065760647574406722]
tree_sizes=1701 1764 1763 1744 1757 1753 1758 1752 1766 1767 1764 1762 1770 1766 1768 1762 1757 1747 1746 1761 1765 1767 1764 1766 1767 1768 1773 1778 1777 1780 1767 1766 1772 1764 1767 1754 1752 1752 1752 1746 1774 1767

Tree=0
num_leaves=15
num_cat=0
split_feature=17 4 21 6 5 25 25 14 14 4 15 6 21 8
split_gain=120.24 55.2921 48.9859 33.0866 33.019 25.4711 20.1525 18.9247 18.4773 15.9786 15.7292 11.756 10.7959 11.8972
threshold=0.062876230978164499 0.0084039626148893209 0.16664430737467659 1.5744691151085026 -0.019581169898543409 0.039965441499058445 0.059629306657389088 1.4750000000000003 2.1850000000000005 0.013672661675320113 0.017009631969000797 -1.7561783753091003 0.003244428422592201 -0.0021804941419971686
decision_type=10 8 10 10 8 10 10 2 2 10 10 10 10 10
left_child=1 7 6 4 11 8 9 -1 -6 12 -8 -3 -2 -14
right_child=2 3 -4 -5 5 -7 10 -9 -10 -11 -12 -13 13 -15
leaf_value=-1.2162930448031994 -1.2054921154210341 -1.1816988397003472 -1.1661112246624945 -1.1826520395558626 -1.2201145676839702 -1.2074687904029862 -1.1826973431563708 -1.2462111648077845 -1.2430076606013638 -1.1940850813916475 -1.2217280936856514 -1.2166500137007128 -1.2178942134527688 -1.2438044418310943
leaf_weight=19.794683650135994 16.641548201441765 14.539457902312277 23.122993290424347 14.714632093906401 41.866631790995598 29.779612571001053 27.502348080277443 268.01651313900948 123.32263088226318 15.940851435065268 14.364283710718153 21.721599757671356 28.378219038248062 33.983793169260025
leaf_count=113 95 83 132 84 239 170 157 1530 704 91 82 124 162 194
internal_value=-1.22837 -1.23522 -1.20564 -1.22478 -1.22764 -1.23257 -1.21272 -1.24412 -1.23719 -1.22053 -1.19562 -1.20176 -1.22623 -1.23203
internal_weight=693.69 533.756 159.934 245.945 231.23 194.969 136.811 287.811 165.189 94.9444 41.8666 36.2611 79.0036 62.362
internal_count=3960 3047 913 1404 1320 1113 781 1643 943 542 239 207 451 356
is_linear=0
shrinkage=1


Tree=1
num_leaves=15
num_cat=0
split_feature=3 5 25 2 6 21 22 25 11 21 4 22 7 4
split_gain=137.413 76.0224 40.1408 26.0861 22.7894 22.6968 19.6075 12.6156 11.4819 11.6867 9.53888 10.4278 9.88219 12.7254
threshold=0.0079288904589742398 0.03570560154751657 0.039793876501035101 -0.032149583964777843 -1.5687912874790746 0.0064072327551599065 0.18500000000000003 0.043075820546908568 -0.084549696726156073 0.084970492838669975 0.0050212068235358032 0.18500000000000003 0.0066477205228814293 0.0068196660767146601
decision_type=8 10 10 10 8 10 2 10 10 10 8 2 10 10
left_child=3 2 4 5 -2 -1 -4 10 -8 -10 -5 -12 -13 -14
right_child=1 -3 6 7 -6 -7 8 -9 9 -11 11 12 13 -15
leaf_value=0.037973879236693375 0.028584482351274025 0.065728983257137427 0.041339038665617986 -0.028078602998612767 -0.0034834617175583601 -0.010382366723560242 -0.00079327413856025426 -0.00091212509018779729 0.014811146028102982 0.044435564921299492 -0.0271943779702182 -0.015190327109777021 0.018064004092975247 -0.015401993956653676
leaf_weight=15.12568862736225 21.781720325350761 22.544911697506905 34.559190049767494 65.224843442440033 159.19099745154381 18.346885398030281 29.082500830292702 45.232336923480034 57.189149245619774 14.924436986446379 46.796795204281807 124.5616612136364 20.314097464084625 18.670550748705864
leaf_count=86 123 126 194 376 911 105 164 259 323 84 269 716 117 107
internal_value=5.91597e-05 0.0136842 0.00978435 -0.0129907 0.000512079 0.0119367 0.0220509 -0.0156207 0.0151238 0.021466 -0.018023 -0.0147867 -0.0110927 0.00205209
internal_weight=693.546 339.273 316.728 354.273 180.973 33.4726 135.755 320.8 101.196 72.1136 275.568 210.343 163.546 38.9846
internal_count=3960 1925 1799 2035 1034 191 765 1844 571 407 1585 1209 940 224
is_linear=0
shrinkage=0.03


Tree=2
num_leaves=15
num_cat=0
split_feature=3 21 5 25 2 13 6 14 27 2 4 27 22 25
split_gain=129.464 68.8074 34.8414 26.4993 24.9583 24.8027 17.3238 14.4083 14.4001 12.9346 16.2398 21.1318 11.6563 11.6153
threshold=0.0079288904589742398 0.16664430737467659 0.03570560154751657 0.059629306657389088 -0.026557705186727173 1.2446159278493816 -1.6620722803902179 1.4950000000000003 0.048758836721701955 -1.0000000180025095e-35 0.011611551701598862 -0.015063370218319381 0.41500000000000004 0.043075820546908568
decision_type=8 10 10 10 10 10 8 2 10 10 8 10 2 10
left_child=4 2 3 6 5 -1 -2 -6 -5 -8 12 -12 -11 -9
right_child=1 -3 -4 8 7 -7 9 13 -10 10 11 -13 -14 -15
leaf_value=-0.012584713277949224 0.025972030484740092 0.05983823856639111 0.052332491179890951 0.045140102669316548 0.0067509109926288773 0.029818843710309111 -0.0060274393602709709 -0.020253919332449674 0.0071710537952328545 0.019371747077044425 0.0014261953131992774 0.037953083233830148 -0.010163003200853072 -0.0029295905807775646
leaf_weight=25.763357147574425 26.758079648017883 25.312920942902565 15.0877798050642 22.204604938626289 22.920507460832596 22.256836876273155 119.13174171745777 239.64120656251907 15.391030192375181 15.124040663242338 29.012251555919647 27.17826896905899 46.452433064579964 41.159699007868767
leaf_count=148 149 137 82 123 131 126 679 1394 86 86 165 153 265 236
internal_value=5.95561e-05 0.013193 0.00928375 0.00696171 -0.0126984 0.00727624 0.00354872 -0.0158701 0.0301847 0.000917451 0.00793442 0.0194482 -0.00271521 -0.0177339
internal_weight=693.395 341.653 316.34 301.252 351.742 48.0202 263.657 303.721 37.5956 236.899 117.767 56.1905 61.5765 280.801
internal_count=3960 1925 1788 1706 2035 274 1497 1761 209 1348 669 318 351 1630
is_linear=0
shrinkage=0.03


Tree=3
num_leaves=15
num_cat=0
split_feature=10 5 22 5 25 9 12 22 22 21 15 14 6 18
split_gain=103.875 53.1622 30.9294 24.5894 27.1716 17.3352 17.2791 16.514 15.7604 15.1591 19.3262 15.029 13.3865 14.8323
threshold=19.485000000000003 0.03570560154751657 -0.064999999999999988 -0.019581169898543409 0.042887548548867942 0.00403766830984783 -0.158005392020069 1.1950000000000001 1.4450000000000001 0.005871429486110964 0.0086145587902535809 3.6150000000000007 2.1904714617659646 0.80000000000000016
decision_type=2 10 2 8 10 10 10 2 2 10 10 2 8 2
left_child=3 2 -2 6 7 -4 -1 12 -6 -7 11 -11 13 -5
right_child=1 -3 5 4 8 9 -8 -9 -10 10 -12 -13 -14 -15
leaf_value=-0.012526711708432177 0.043220493542388598 0.061793719827547777 -0.0047445308726897515 0.0076535621809748567 0.025914119685065126 0.039155525759700542 0.026441367474201911 -0.022117315758772117 -0.0077635537963513792 0.011709561851740656 -0.0055614468309652665 0.044097698282127409 0.01605696864508677 -0.01466049290982166
leaf_weight=15.222176253795622 23.3650873452425 19.377969011664391 69.78229558467865 31.498999372124672 24.938804522156715 17.132245972752571 27.541202440857887 137.77182759344578 23.458973407745361 63.023417696356773 46.810166493058205 15.66191181540489 17.150240078568459 160.3525737375021
leaf_count=86 127 102 399 180 139 96 155 807 134 355 264 87 97 932
internal_value=6.36056e-05 0.0152448 0.0111742 -0.00879595 -0.0111374 0.00746307 0.0126009 -0.0140741 0.00976345 0.0134272 0.00963311 0.0186288 -0.00869201 -0.0109762
internal_weight=693.088 255.153 235.775 437.935 395.171 212.41 42.7634 346.774 48.3978 142.628 125.495 78.6853 209.002 191.852
internal_count=3960 1430 1328 2530 2289 1201 241 2016 273 802 706 442 1209 1112
is_linear=0
shrinkage=0.03


Tree=4
num_leaves=15
num_cat=0
split_feature=3 5 2 10 24 16 27 6 11 3 27 6 7 3
split_gain=117.421 60.0722 29.0425 26.6677 23.3355 21.3859 16.9909 12.9968 12.6264 12.4689 11.9702 14.3318 12.051 11.938
threshold=0.0091848113969933889 0.03570560154751657 -0.027427285713088164 13.145000000000001 -0.066975096479034754 0.032158982339347171 0.10178843401561584 -1.6864471722999983 0.035904144369252274 0.0058310200256285905 -0.035005876178978095 -0.45534215091317959 0.0016676501349524033 0.0071819742262539624
decision_type=10 10 10 2 10 10 10 10 10 8 10 10 10 8
left_child=2 3 5 -2 10 13 9 -6 -9 -4 -5 -12 -13 -1
right_child=1 -3 6 4 7 -7 -8 8 -10 -11 11 12 -14 -15
leaf_value=-0.014268787967812287 -0.0051865478344531816 0.059653335457395762 -0.021246075775621279 0.007065003168817004 0.030741146385393298 0.038360476854342296 0.017106541263173253 -0.0051881635354884834 0.017397636225264444 -0.0095284573984174351 0.019130965619893615 0.027224684636785498 0.067053557874030778 0.017382232187242525
leaf_weight=26.334231942892075 70.627574950456619 23.583854824304581 153.39226950705051 18.59780441224575 17.011669352650642 15.373847424983976 14.754326730966566 61.421952947974205 33.677743002772331 180.17662914097309 29.908754989504814 15.278246998786928 15.961668208241461 16.659919396042824
leaf_count=151 403 121 910 103 92 86 85 347 189 1045 165 83 87 93
internal_value=6.69346e-05 0.0147645 -0.0102823 0.0105203 0.0162992 0.00918089 -0.0135607 0.00736579 0.00290797 -0.0149642 0.0286116 0.0349456 0.0490234 -0.00188792
internal_weight=692.76 286.069 406.691 262.485 191.858 58.368 348.323 112.111 95.0997 333.569 79.7465 61.1487 31.2399 42.9942
internal_count=3960 1590 2370 1469 1066 330 2040 628 536 1955 438 335 170 244
is_linear=0
shrinkage=0.03


Tree=5
num_leaves=15
num_cat=0
split_feature=3 6 25 17 14 24 6 22 22 3 1 0 24 22
split_gain=116.575 43.5469 27.2635 24.4191 19.9377 16.9672 15.279 13.316 16.2184 12.7884 12.2137 10.1842 9.75297 9.43191
threshold=0.0091848113969933889 1.3812280830239303 0.038978738230526715 0.065228341859055558 1.4950000000000003 -0.047628048989254677 -1.7158492285849394 0.22500000000000003 1.4750000000000003 0.0036658203015940238 -0.0020955187428111084 0.0078768040341645768 0.026937961212053722 2.6050000000000004
decision_type=8 8 10 10 2 10 10 2 2 10 10 10 10 2
left_child=3 2 6 4 -1 -4 -2 -3 -9 -6 -5 -8 -7 -11
right_child=1 7 5 10 9 12 11 8 -10 13 -12 -13 -14 -15
leaf_value=0.0080485442639017368 0.027068857795073727 0.061004253123539937 0.03110951550795318 0.028951438349276732 -0.034559505328338236 -0.012646991948433609 -0.0082880677223309916 0.011848710101180214 0.05014759802574232 -0.014707521125127465 -0.0034307175643847978 0.015154040510708428 0.015609202611578478 0.0099321030158295975
leaf_weight=35.561323374509811 14.843982815742491 15.621193155646322 55.59873266518116 18.031929910182953 28.096367418766022 15.125408977270125 96.892774164676666 25.518878266215324 16.268013566732407 278.17051240801811 22.921503841876984 19.153705328702927 34.123517736792564 14.050951033830641
leaf_count=201 80 81 296 100 170 84 556 141 84 1644 130 109 189 82
internal_value=3.38215e-05 0.0143539 0.0085665 -0.0105541 -0.0130792 0.0198877 -0.000584222 0.0375655 0.0275824 -0.0154426 0.0111775 -0.00432249 0.00685213 -0.0134929
internal_weight=689.979 293.146 235.738 396.833 355.879 104.848 130.89 57.4081 41.7869 320.318 40.9534 116.046 49.2489 292.221
internal_count=3947 1620 1314 2327 2097 569 745 306 225 1896 230 665 273 1726
is_linear=0
shrinkage=0.03


Tree=6
num_leaves=15
num_cat=0
split_feature=3 6 10 10 26 24 16 21 0 10 13 16 13 26
split_gain=109.714 40.0131 28.6239 28.412 23.6684 20.4815 15.5059 13.8949 13.0707 12.4896 14.4955 12.1126 10.4015 10.1345
threshold=0.0091848113969933889 1.3812280830239303 18.145000000000003 19.575000000000003 0.040640815533950665 -0.048790164169431986 0.0027756568649872642 0.0044721359549829967 0.003969416562322082 24.495000000000001 0.80108723050838515 0.095049239299358948 1.5569152431899942 -0.01259935493539188
decision_type=8 8 2 2 10 10 10 10 10 2 8 10 10 10
left_child=3 2 4 7 13 12 8 -1 -5 10 -3 -8 -4 -2
right_child=1 9 5 6 -6 -7 11 -9 -10 -11 -12 -13 -14 -15
leaf_value=-0.00089940203558642193 0.0056899533989608585 0.043032472469566013 0.041558296941827125 -0.013805997387383633 0.029486144188817263 0.0063916545817883849 0.030403508086605736 -0.018377391130979973 0.015229856626716679 0.053814319312596726 0.005474756210556036 -0.0019357105419918223 0.015561821360414924 -0.015336745303250472
leaf_weight=49.712122887372971 29.497753575444221 17.543128371238708 33.488086074590683 51.269998401403427 16.22783437371254 66.830949783325195 23.754098370671272 233.74626691639423 18.115754410624504 21.729062616825104 19.121757000684738 17.809647038578987 26.222453087568283 64.424748122692108
leaf_count=293 168 94 175 296 92 371 134 1399 105 108 104 100 141 367
internal_value=3.74871e-05 0.0138468 0.00828198 -0.0103031 -0.00289598 0.0179585 0.00255197 -0.0153261 -0.00611643 0.0358836 0.0241105 0.0168266 0.0305861 -0.00874263
internal_weight=689.494 295.086 236.692 394.408 110.15 126.541 110.949 283.458 69.3858 58.3939 36.6649 41.5637 59.7105 93.9225
internal_count=3947 1620 1314 2327 627 687 635 1692 401 306 198 234 316 535
is_linear=0
shrinkage=0.03


Tree=7
num_leaves=15
num_cat=0
split_feature=3 5 25 4 6 2 6 6 13 7 0 18 4 4
split_gain=103.266 51.5925 22.713 20.3453 15.9454 13.6476 15.6383 14.1793 12.2895 11.8377 10.0188 9.31736 13.6542 12.919
threshold=0.0091848113969933889 0.03570560154751657 0.038978738230526715 0.0050212068235358032 -1.8378937860603848 -0.028067633875315409 0.69754396857686551 -1.4099433565566664 1.2446159278493816 0.011723542376234077 0.0078768040341645768 0.21500000000000002 0.012100332401925838 0.011214819964229046
decision_type=8 10 10 8 10 10 8 10 10 10 10 2 8 10
left_child=3 2 4 -1 -2 7 9 8 -5 -7 -6 13 -13 -4
right_child=1 -3 11 5 10 6 -8 -9 -10 -11 -12 12 -14 -15
leaf_value=-0.025264284410010381 0.025805538227908879 0.054524402095576921 0.030571968501856089 -0.022519462968261565 -0.005995628568339368 -0.018414665423294119 -0.0014363228035418536 0.026941549486003896 0.014040490384346039 0.0098282655470500174 0.015992020377722935 0.0025469403904182816 0.034300163939781921 0.00013923529373069971
leaf_weight=65.039517983794212 20.181069225072861 24.141869261860847 17.453570857644081 16.362277477979664 108.22617942094803 141.95018500089645 120.5588041394949 19.136180147528648 14.882159709930418 14.112949252128599 21.50674843788147 16.250589415431023 49.869172558188438 39.299093276262283
leaf_count=402 109 116 94 95 620 844 713 108 82 83 121 88 257 215
internal_value=4.14985e-05 0.0133623 0.00953359 -0.0100559 0.00166742 -0.00696318 -0.00957577 0.00728882 -0.00521007 -0.0158143 -0.00225614 0.01904 0.0266502 0.00986574
internal_weight=688.97 296.928 272.786 392.042 149.914 327.003 276.622 50.3806 31.2444 156.063 129.733 122.872 66.1198 56.7527
internal_count=3947 1620 1504 2327 850 1925 1640 285 177 927 741 654 345 309
is_linear=0
shrinkage=0.03


Tree=8
num_leaves=15
num_cat=0
split_feature=10 18 5 6 0 22 0 16 25 22 27 16 1 7
split_gain=84.69 36.0811 33.8156 23.1917 20.2383 19.3388 16.9464 13.8524 12.0841 11.521 11.2929 9.08159 14.1171 10.1706
threshold=19.345000000000002 0.32000000000000006 0.032748786159662445 2.0986287371608672 -0.015341146284245431 -0.064999999999999988 0.0073418279753556534 0.060306010244821302 0.029819633235769184 2.7050000000000005 0.0083265961977556108 -0.0056417751301874866 0.0084705047914228632 0.0087844166194983603
decision_type=2 2 10 8 10 2 10 10 10 2 10 10 10 10
left_child=1 9 5 4 -3 -2 7 -6 -7 -1 -9 13 -13 -10
right_child=2 3 -4 -5 6 8 -8 10 11 -11 -12 12 -14 -15
leaf_value=-0.021464808981304574 0.034392325820577323 0.028375934121079732 0.046412312077958512 0.025945919367577043 -0.013772059141745271 -0.0061119954745035886 0.013216060329605156 -0.011364274197955592 -0.001587660737573822 0.0046641632262844233 0.023349442067998306 0.026106226971084136 -0.0034780965475727549 0.021381377354393959
leaf_weight=152.9678608328104 24.869870811700821 15.13041217625141 24.347194939851761 24.712012812495232 151.88085897266865 49.080269232392311 32.52198226749897 14.630733594298361 67.766899064183235 16.492885828018188 17.545888558030128 54.838312402367592 19.324081689119339 22.26581959426403
leaf_count=931 125 85 117 135 896 284 185 84 379 95 102 300 107 122
internal_value=4.33098e-05 -0.00821189 0.0134174 -0.00109631 -0.00407948 0.00986409 -0.00646684 -0.00999733 0.00685671 -0.0189093 0.00769832 0.0107468 0.0184539 0.00426524
internal_weight=688.375 425.883 262.492 256.422 231.71 238.145 216.579 184.057 213.275 169.461 32.1766 164.195 74.1624 90.0327
internal_count=3947 2513 1434 1487 1352 1317 1267 1082 1192 1026 186 908 407 501
is_linear=0
shrinkage=0.03


Tree=9
num_leaves=15
num_cat=0
split_feature=3 5 10 17 21 14 5 12 6 2 10 26 2 11
split_gain=93.1367 43.5462 26.3044 18.8832 13.5468 13.8024 15.0815 11.4879 11.1384 16.5688 13.7634 11.0989 13.0625 10.0555
threshold=0.0091848113969933889 0.03570560154751657 19.575000000000003 0.038215106675599561 0.0044721359549829967 2.7050000000000005 0.0071688787965825109 0.37612153069221305 -1.7317214653669095 -0.00048618940050948462 19.675000000000004 0.0096026860069613491 -0.016712643642927013 0.0013440901950994013
decision_type=10 10 2 10 10 2 8 10 10 10 2 10 10 10
left_child=2 3 4 -2 5 -1 -7 11 -5 10 13 12 -4 -10
right_child=1 -3 7 8 -6 6 -8 -9 9 -11 -12 -13 -14 -15
leaf_value=-0.018781044019842097 -0.0052675104979823598 0.049897393418659806 0.036141094363311685 0.030036780477704379 -0.017538841210958136 0.033113117634223727 -0.0075361182071998012 -0.016755893726164171 -0.022913387434958764 0.02064258785592266 0.012244713863333595 -0.0052657480201926954 0.0053064010916134595 0.0056145484406833097
leaf_weight=21.316973030567169 61.940719962120056 25.052868291735649 17.771467640995979 30.574506297707558 227.94201694428921 14.633553668856619 16.682804092764858 21.210137531161308 23.917011678218842 78.768416076898575 53.443448647856712 37.536742180585861 37.502869889140129 19.499124467372894
leaf_count=129 355 116 98 159 1400 86 97 122 136 423 283 213 218 112
internal_value=4.61922e-05 0.0128291 -0.00946024 0.0091932 -0.0143837 -0.00064736 0.0118954 0.00267479 0.0135415 0.0105161 0.00215415 0.00724657 0.0156862 -0.0102629
internal_weight=687.793 293.196 394.597 268.143 280.575 52.6333 31.3164 114.021 206.203 175.628 96.8596 92.8111 55.2743 43.4161
internal_count=3947 1584 2363 1468 1712 312 183 651 1113 954 531 529 316 248
is_linear=0
shrinkage=0.03


Tree=10
num_leaves=15
num_cat=0
split_feature=3 5 10 17 14 18 23 7 26 15 26 28 16 28
split_gain=78.5532 34.2043 18.2327 17.53 20.2062 12.9211 13.2013 13.9741 12.5179 10.0131 9.69506 13.4766 10.7578 9.18551
threshold=0.007521129264690834 0.03570560154751657 18.145000000000003 0.064427641789557663 1.4950000000000003 0.21500000000000002 0.027619743924669569 -0.0071123067327598646 0.029236956553585717 0.010008430789027247 0.0043448813608626966 0.010741162890403286 -0.0064586099741297245 0.010045833363487652
decision_type=8 10 2 10 2 2 10 10 10 10 10 10 10 8
left_child=3 2 8 4 -1 -4 7 -7 13 -10 11 -6 -13 -2
right_child=1 -3 5 -5 10 6 -8 -9 9 -11 -12 12 -14 -15
leaf_value=0.0081831509392598541 0.0070334930242643683 0.040102157869872056 0.0047153935287231209 0.012259199185267505 -0.024204117620926818 0.0044509521100053332 0.0006341432144887398 0.037440583108795271 0.030880563353042186 -0.0014123968003435631 -0.024438690524788167 -0.01441470155219355 0.0058305765622138784 -0.010369821597726201
leaf_weight=30.311519995331764 36.221687376499176 26.158485367894173 104.19705304503441 22.665970280766487 53.999009683728218 16.376195907592773 21.368834033608437 40.826619356870651 15.868009626865385 17.548399463295937 106.11685249209404 52.003094717860222 41.845773637294769 102.92563474178314
leaf_count=171 204 120 571 130 340 84 115 210 90 99 656 319 257 592
internal_value=-0.00144372 0.0076381 0.00514236 -0.0127194 -0.014747 0.011719 0.0208308 0.028235 -0.00185059 0.0143738 -0.0175052 -0.012398 -0.00542134 -0.00582167
internal_weight=688.433 381.491 355.332 306.942 284.276 182.769 78.5716 57.2028 172.564 33.4164 253.965 147.848 93.8489 139.147
internal_count=3958 2085 1965 1873 1743 980 409 294 985 189 1572 916 576 796
is_linear=0
shrinkage=0.03


Tree=11
num_leaves=15
num_cat=0
split_feature=3 21 14 26 28 21 14 25 19 0 4 5 5 4
split_gain=74.3369 35.1982 15.7865 14.0261 16.3139 23.6682 17.1704 12.7475 13.8558 11.8416 10.7302 9.83015 9.66965 9.51958
threshold=0.007521129264690834 0.084970492838669975 1.4950000000000003 0.0043448813608626966 0.010741162890403286 0.018973584851140229 2.7150000000000003 0.058792676986415292 -0.080402032158997355 -0.019008661043035776 0.01531508307014485 -0.00025616607724629026 0.03066078910242356 0.0064640910043357773
decision_type=8 10 2 10 10 10 2 10 10 8 10 8 10 10
left_child=2 7 -1 4 -4 6 13 8 -2 -10 -9 -3 -11 -6
right_child=1 11 3 -5 5 -7 -8 10 9 12 -12 -13 -14 -15
leaf_value=0.0075322599311116092 -0.019332796499784546 0.015636867396441084 -0.021881213776801706 -0.022808721112539818 0.012238735720048927 -0.016065622802432108 0.036936641445421872 0.033303548351007739 0.027256129257608452 0.00014410883717005856 0.002195476141728043 0.041507536782907722 0.024047632099062719 -0.0186313596759352
leaf_weight=31.341345384716988 25.472982466220856 27.712100341916084 55.816888853907585 113.15944854915142 22.606280267238617 51.975763291120529 16.184259653091431 21.295930907130241 16.539734110236168 229.81711554527283 18.337602242827415 28.166197642683983 15.313077360391615 13.521452620625494
leaf_count=176 145 142 355 705 140 320 94 109 89 1294 97 135 74 83
internal_value=-0.00140217 0.00739309 -0.0124391 -0.0147488 -0.0089459 -0.00188059 0.0122503 0.00359029 0.00135982 0.00344013 0.0193187 0.0291778 0.00172898 0.000494418
internal_weight=687.26 382.655 304.605 273.264 160.105 104.288 52.312 326.776 287.143 261.67 39.6335 55.8783 245.13 36.1277
internal_count=3958 2085 1873 1697 992 637 317 1808 1602 1457 206 277 1368 223
is_linear=0
shrinkage=0.03


Tree=12
num_leaves=15
num_cat=0
split_feature=3 21 1 14 26 28 21 14 25 11 0 0 16 4
split_gain=70.354 32.6549 16.413 15.0474 13.5743 15.6783 22.3877 15.8014 11.8941 11.4405 10.5986 10.1604 15.1369 9.88145
threshold=0.007521129264690834 0.084970492838669975 -0.012462233425652334 1.4950000000000003 0.0043448813608626966 0.010741162890403286 0.018973584851140229 2.7150000000000003 0.058792676986415292 -0.12683164685332013 -0.019008661043035776 -9.6199778054639737e-05 -0.092271889965336126 0.01531508307014485
decision_type=8 10 8 2 10 10 10 2 10 10 8 10 10 10
left_child=3 8 -3 -1 5 -5 7 -7 9 -2 -11 -12 -13 -10
right_child=1 2 -4 4 -6 6 -8 -9 13 10 11 12 -14 -15
leaf_value=0.0072844590228355929 -0.013503735898812761 0.0024396625823550405 0.038113621436311237 -0.021521566369785954 -0.022437467567257511 0.00047228677207624868 -0.015741471104303101 0.035204663041427477 0.031879607127280822 0.026006729576687593 -0.0055815832661946325 0.034347546203452615 0.0035125336040372161 0.0021308009138477496
leaf_weight=31.467346459627151 39.347243100404739 16.365652352571487 40.161568120121956 55.075183168053627 111.62086044251919 36.143719494342804 51.482817202806473 16.51505720615387 21.619312301278114 16.833684518933296 93.851402759552002 15.287081673741339 121.94565702974796 18.357413470745087
leaf_count=176 223 83 194 355 705 223 320 94 109 90 528 83 678 97
internal_value=-0.00136072 0.00715841 0.0280073 -0.0121635 -0.0144415 -0.00873085 -0.00182613 0.0118183 0.00348265 0.00132104 0.00371868 0.00199002 0.00717104 0.0186043
internal_weight=686.074 383.769 56.5272 302.305 270.838 159.217 104.142 52.6588 327.242 287.265 247.918 231.084 137.233 39.9767
internal_count=3958 2085 277 1873 1697 992 637 317 1808 1602 1379 1289 761 206
is_linear=0
shrinkage=0.03


Tree=13
num_leaves=15
num_cat=0
split_feature=3 21 17 14 25 11 21 14 25 19 28 17 17 9
split_gain=66.5776 30.4165 16.4453 17.7611 14.2086 13.3363 11.6599 13.9431 11.1942 10.6936 9.40178 8.63221 11.8562 15.1961
threshold=0.007521129264690834 0.16664430737467659 0.064427641789557663 1.4950000000000003 0.060322558537160516 -0.12683164685332013 0.0044721359549829967 2.7350000000000008 0.073618856445402073 -0.089100931598177655 0.019174319800576062 0.03605186322654199 0.05363374821293445 0.004620850043673839
decision_type=8 10 10 2 10 10 10 2 10 10 8 8 10 10
left_child=2 4 3 -1 5 10 7 -5 -6 -7 -2 -11 13 -13
right_child=1 -3 -4 6 8 9 -8 -9 -10 11 -12 12 -14 -15
leaf_value=0.0074224532771269922 -0.0028941911500970216 0.03499584713035666 0.012281781014553845 -0.017863684486282831 0.035248947697606822 -0.014671211695442461 -0.019149206722304846 0.019799215839534114 0.0042823212507543101 -0.0038166730567970393 -0.032454190795386494 0.02564007330424755 0.0015614555737813063 0.0017008997102291672
leaf_weight=30.685350880026817 27.534719482064247 30.905202060937881 22.642667189240456 17.767809689044952 21.412960037589073 22.74175451695919 213.19903929531574 15.734847679734228 20.367747604846954 56.584273174405098 14.126361101865767 61.679816156625748 90.716995790600777 38.780442550778389
leaf_count=171 157 143 130 112 108 129 1365 95 104 324 80 342 481 217
internal_value=-0.0013204 0.00693138 -0.0118929 -0.0139032 0.00438921 0.00215986 -0.016575 -0.00011377 0.0206059 0.00460359 -0.0134431 0.00642466 0.00945996 0.0165067
internal_weight=684.88 384.85 300.03 277.387 353.945 312.164 246.702 33.5027 41.7807 270.503 41.6611 247.762 191.177 100.46
internal_count=3958 2085 1873 1743 1942 1730 1572 207 212 1493 237 1364 1040 559
is_linear=0
shrinkage=0.03


Tree=14
num_leaves=15
num_cat=0
split_feature=3 21 17 17 1 6 15 10 20 27 3 20 8 19
split_gain=62.948 28.9136 15.6257 15.7002 14.8987 11.2546 14.0287 11.28 10.4498 11.8281 9.45827 8.07318 7.68506 7.17762
threshold=0.007521129264690834 0.084970492838669975 0.064427641789557663 0.03126710058427818 -0.012462233425652334 1.3352654699526776 0.024658829947880326 13.145000000000001 -0.0026774545425974901 -0.0093627484325107795 0.011163924687275813 0.024808010521414185 0.0078522807716288074 0.0064517024179539537
decision_type=8 10 10 10 8 8 8 2 10 10 10 10 10 10
left_child=2 5 3 -1 -3 7 10 13 -9 11 -7 -10 -11 -2
right_child=1 4 -4 -5 -6 6 -8 8 9 12 -12 -13 -14 -15
leaf_value=0.0045965996261586126 -0.015167302481429492 0.0018599284605149834 0.011851664633173659 -0.016404116419398301 0.035617994897676204 0.0070782781257217962 -0.0089039930953888798 -0.006032704123391101 0.0051023262982348881 0.019160842215274924 0.036273794489879087 -0.021948951007997045 0.0010011567628558818 0.0082788110513021835
leaf_weight=36.546673357486725 51.721703603863716 16.498821586370468 22.794406473636627 238.45724214613438 41.035745173692703 17.807127609848976 15.246646478772162 62.412778541445732 26.058301419019699 72.937727555632591 23.590564906597137 14.767222106456755 29.439020812511444 14.420261621475218
leaf_count=224 299 83 130 1519 194 98 80 349 144 397 117 81 161 82
internal_value=-0.00128317 0.00670619 -0.0116249 -0.0136067 0.0261346 0.00323341 0.0152739 0.000676919 0.00414597 0.00859327 0.0241786 -0.00497337 0.0139991 -0.0100084
internal_weight=683.734 385.936 297.798 275.004 57.5346 328.401 56.6443 271.757 205.615 143.202 41.3977 40.8255 102.377 66.142
internal_count=3958 2085 1873 1743 277 1808 295 1513 1132 783 215 225 558 381
is_linear=0
shrinkage=0.03


Tree=15
num_leaves=15
num_cat=0
split_feature=3 5 2 22 13 3 6 25 15 27 25 12 6 2
split_gain=63.9903 28.1625 20.3423 16.9688 14.68 14.5282 11.882 11.9075 10.9826 10.0321 9.95869 11.5657 9.03742 8.13877
threshold=0.0093247460285266828 0.03570560154751657 -0.028067633875315409 -0.12499999999999999 1.2676180358943134 0.0036658203015940238 -2.0064894938774334 0.060322558537160516 -0.010695289116747808 0.030727819933176363 0.042480645493822682 0.037289160564917496 -1.5474776166729887 0.0083594573407195245
decision_type=10 10 10 2 10 8 10 10 10 8 10 10 8 10
left_child=2 3 4 8 12 -4 -5 13 -2 -9 -7 -12 -1 -8
right_child=1 -3 5 6 -6 10 7 9 -10 -11 11 -13 -14 -15
leaf_value=-0.021956900221443042 0.0053277044526589008 0.039680137291325523 -0.032590778754935795 0.025213783776026063 0.024411378294440157 -0.0112872757340892 -0.006027905418804329 0.034152519890136041 0.035607417971590755 0.00082564965713952674 0.014666671658533059 -0.011280365728788305 0.010590807945033025 0.0073007358247591863
leaf_weight=14.444319069385527 17.791668847203255 26.499248430132866 23.898421376943588 21.17609415948391 27.075215265154839 252.05311839282513 108.93795320391655 16.530024915933609 28.025958105921745 15.253349825739862 31.292683556675911 28.691171139478683 14.394820213317873 64.990419194102287
leaf_count=88 90 115 164 106 146 1586 614 82 138 80 183 166 84 356
internal_value=0.000282375 0.0107099 -0.00768678 0.00776015 0.00894834 -0.0104739 0.00434574 0.00208598 0.0242143 0.0186715 -0.00868134 0.00227435 -0.0059005 -0.00103423
internal_weight=691.054 299.205 391.85 272.705 55.9144 335.935 226.888 205.712 45.8176 31.7834 312.037 59.9839 28.8391 173.928
internal_count=3998 1581 2417 1466 318 2099 1238 1132 228 162 1935 349 172 970
is_linear=0
shrinkage=0.03


Tree=16
num_leaves=15
num_cat=0
split_feature=4 6 10 22 24 5 3 19 12 6 6 15 22 13
split_gain=60.9523 41.3237 29.2717 22.7847 21.2354 14.6099 13.0049 11.5715 10.9048 12.9754 20.1291 11.865 10.8631 10.4278
threshold=0.0076927363817273992 1.3352654699526776 18.145000000000003 0.43500000000000005 -0.049679225349218085 -0.020231363692468297 0.0036658203015940238 0.016443933422417571 0.083147682028005279 0.45447612981326496 1.2812155273864116 0.013647661940292767 1.4750000000000003 1.0356103197247395
decision_type=8 8 2 2 10 10 10 10 10 10 10 10 2 10
left_child=6 2 5 -3 13 -2 -1 -6 9 -8 11 -11 -5 -4
right_child=1 3 4 12 7 -7 8 -9 -10 10 -12 -13 -14 -15
leaf_value=-0.03237157517934227 0.013112044186955428 0.048937807017084854 0.041261744287656263 0.0023991516377751226 -0.0044099012810808382 -0.010185809362861776 -0.013254747519655035 0.017044215957400934 -0.018876483709808673 0.03572724212800469 -0.0094907551859821204 -0.00071348530931079955 0.030468544512320141 0.015790802394772596
leaf_weight=23.705671563744545 28.210605755448341 26.412430733442307 18.446504935622215 29.217675626277924 77.939459279179573 143.45638659596443 76.967568278312683 30.730055883526802 71.606948211789131 19.572992756962776 41.893205016851425 13.138555034995077 20.813732221722603 68.160716772079468
leaf_count=166 156 129 90 154 432 855 485 166 450 123 262 84 94 352
internal_value=0.000277042 0.00692512 0.00271456 0.0268405 0.010634 -0.00630343 -0.0116422 0.00175709 -0.00930579 -0.00469024 0.00420396 0.0215039 0.0144446 0.0216249
internal_weight=690.273 443.388 366.944 76.4438 195.277 171.667 246.885 108.67 223.179 151.572 74.6048 32.7115 50.0314 86.6072
internal_count=3998 2428 2051 377 1040 1011 1570 598 1404 954 469 207 248 442
is_linear=0
shrinkage=0.03


Tree=17
num_leaves=15
num_cat=0
split_feature=4 6 10 22 24 5 3 22 13 18 27 1 25 24
split_gain=57.6539 38.4557 27.4964 20.7346 19.7226 13.7948 12.712 10.1085 9.89847 10.0577 8.70063 11.0235 9.74315 9.23433
threshold=0.0076927363817273992 1.3352654699526776 18.145000000000003 0.43500000000000005 -0.049679225349218085 -0.020231363692468297 0.0036658203015940238 1.4750000000000003 1.9010638365802068 3.9750000000000005 0.0058081907040447031 -0.01995442285424431 0.036255671062752716 0.069846600776460196
decision_type=8 8 2 2 10 10 10 2 10 2 10 10 10 10
left_child=6 2 5 -3 8 -2 -1 -5 9 -4 -6 -12 -13 -14
right_child=1 3 4 7 10 -7 -8 -9 -10 -11 11 12 13 -15
leaf_value=-0.032099700821394031 0.012648039318911503 0.046662810217526336 0.036724864579942625 0.0023269294028806578 -0.011642055625638142 -0.0099404189438646665 -0.0090804691465068942 0.029328805795009294 0.0074997753911459891 0.0079378225260062271 -0.013059771223406796 0.02819236781571605 -0.0093058843426044157 0.019996242806593127
leaf_weight=23.20530541241169 28.401881247758865 26.910019531846046 38.471587955951691 29.251301363110542 30.524991437792778 142.62529745697975 221.93851219117641 21.009681761264801 32.922854617238045 16.01541031897068 18.062580317258835 22.70792943239212 21.32583212852478 16.131487220525742
leaf_count=166 156 129 190 154 169 855 1404 94 173 79 96 128 119 86
internal_value=0.000271348 0.00671082 0.00263578 0.0258187 0.0102772 -0.00613752 -0.011381 0.013966 0.0208016 0.028559 0.00170581 0.00699544 0.0131314 0.00350528
internal_weight=689.505 444.361 367.19 77.171 196.163 171.027 245.144 50.261 87.4099 54.487 108.753 78.2278 60.1652 37.4573
internal_count=3998 2428 2051 377 1040 1011 1570 248 442 269 598 429 333 205
is_linear=0
shrinkage=0.03


Tree=18
num_leaves=15
num_cat=0
split_feature=3 5 10 10 18 3 28 21 5 6 14 2 26 26
split_gain=55.0782 22.853 20.8874 15.5355 15.1209 14.7514 15.6559 12.1718 13.343 22.8072 11.401 11.2383 21.1222 10.13
threshold=0.0093247460285266828 0.03570560154751657 19.575000000000003 12.525 0.33500000000000008 0.011448719837295007 0.030079724785252025 0.0044721359549829967 0.010376485216687074 0.44248448249777433 4.3250000000000011 -0.016712643642927013 0.0076068475500784558 0.017978059959436469
decision_type=10 10 2 2 2 10 10 8 10 10 2 10 10 10
left_child=2 3 7 -2 5 -5 13 8 9 -1 -6 12 -4 -7
right_child=1 -3 11 4 10 6 -8 -9 -10 -11 -12 -13 -14 -15
leaf_value=-0.0092889360451685939 -0.0062545145973285539 0.035603696637178897 0.036395958314813723 0.021524473830166511 0.022535028773410608 -0.0017394411372014323 0.018439335216872001 -0.014954289597328087 -0.019465480111882195 0.039136498809688829 -0.0021693183831166607 -0.0035053656704575734 -0.0057728507319484163 -0.027736139807420766
leaf_weight=19.22226457297802 59.830001413822174 27.208097353577614 20.639898285269737 25.414013653993607 95.635393500328064 32.330957144498825 18.761864736676216 216.50379283726215 17.325575202703476 14.625209942460058 20.15278647840023 78.052871346473694 20.661331206560135 22.328133940696716
leaf_count=119 342 115 110 136 483 176 95 1419 106 88 112 460 115 122
internal_value=0.00026587 0.00985781 -0.00721646 0.00718549 0.0109438 0.00228311 -0.00457686 -0.0118568 0.00128336 0.0121579 0.0182535 0.00320262 0.0156628 -0.0126666
internal_weight=688.692 301.661 387.031 274.453 214.623 98.835 73.421 267.677 51.173 33.8475 115.788 119.354 41.3012 54.6591
internal_count=3998 1581 2417 1466 1124 529 393 1732 313 207 595 685 225 298
is_linear=0
shrinkage=0.03


Tree=19
num_leaves=15
num_cat=0
split_feature=3 6 10 10 24 22 21 11 16 6 11 9 14 11
split_gain=51.8479 21.3381 21.0386 19.8666 14.0463 12.7732 11.6401 13.2387 10.6269 10.356 9.75278 9.67167 9.50731 14.4288
threshold=0.0093247460285266828 1.3352654699526776 13.505000000000001 19.575000000000003 -0.061684871436081583 0.22500000000000003 0.0044721359549829967 0.0013440901950994013 0.0027756568649872642 0.45447612981326496 -0.028982092655559063 0.0042453963079154425 2.3950000000000005 -0.076827118456709961
decision_type=10 8 2 2 10 2 8 10 10 10 10 10 2 10
left_child=3 2 10 6 -4 -3 7 9 -5 -1 -2 -10 -6 -14
right_child=1 5 4 8 12 -7 -8 -9 11 -11 -12 -13 13 -15
leaf_value=-0.0056418259398597253 -0.020547987371819641 0.044695677354305158 0.020628469860497118 -0.0038790613014857366 0.017460223338716968 0.015052297060059115 -0.014644864138206712 -0.016222992349294172 0.0037150135417988632 0.029225244117632526 0.0017508777867793726 0.032248251059951855 -0.025681402724951032 0.005437927431975252
leaf_weight=13.16475795209408 30.976901844143867 19.800219193100929 76.633312970399857 74.235818117856979 29.038915947079659 40.061774075031281 214.49773500859737 21.555405825376511 29.071071356534958 16.478933408856392 39.086641356348991 16.198267579078674 17.228289723396301 49.840577900409698
leaf_count=81 180 88 378 435 158 190 1419 133 161 99 224 89 96 267
internal_value=0.000259419 0.00953401 0.00552659 -0.00703377 0.0111331 0.0254305 -0.0115897 0.00124513 0.00310762 0.014062 -0.00825844 0.0144011 0.00342738 -0.00281569
internal_weight=687.869 302.667 242.805 385.202 172.741 59.862 265.697 51.1991 119.505 29.6437 70.0635 45.2693 96.1078 67.0689
internal_count=3998 1581 1303 2417 899 278 1732 313 685 180 404 250 521 363
is_linear=0
shrinkage=0.03


Tree=20
num_leaves=15
num_cat=0
split_feature=3 10 1 3 18 26 0 26 26 4 17 5 13 10
split_gain=48.0173 23.7492 17.4885 15.0663 11.7535 12.3875 19.1958 11.6406 12.6013 11.3368 11.5725 10.917 9.19525 15.7843
threshold=0.007521129264690834 18.145000000000003 0.02562828787047922 0.017404934484219214 0.21500000000000002 -0.0035322485694094792 -0.00628020424899045 0.0071324178960190396 -0.0041087157538126631 0.0046386686199016364 0.031411940333939924 -0.019802983168458663 0.67646059419859006 13.065000000000003
decision_type=8 2 10 10 2 10 10 10 10 8 10 8 8 2
left_child=9 3 4 11 7 -6 -7 8 -3 -1 -11 -2 13 -13
right_child=1 2 -4 -5 5 6 -8 -9 -10 10 -12 12 -14 -15
leaf_value=-0.025253653225091779 0.01433930428021566 0.003030643288520706 0.03397460499632067 0.018869156094594237 0.0044472747828339368 0.0035339605927730863 0.042994764459978657 -0.0072900818603015803 0.034940044098734399 0.0095021401402472019 -0.009785440832556138 -0.009204323664294042 -0.015117971222595217 0.025629497942794892
leaf_weight=35.584979176521301 21.221115708351135 37.120292708277702 30.604927033185959 26.72687229514122 35.056276440620422 18.073002904653549 28.548630192875862 50.601457118988037 15.049369364976881 31.424069106578827 211.89746429026127 39.208151459693909 75.854374527931213 15.518267765641211
leaf_count=255 114 197 140 148 170 88 140 273 80 194 1367 225 443 84
internal_value=-0.000139315 0.00660261 0.0132933 -0.0014861 0.00969705 0.0181208 0.0280931 0.00289209 0.0127196 -0.00964287 -0.00726582 -0.00516997 -0.00842536 0.000955849
internal_weight=672.489 393.583 215.054 178.529 184.449 81.6779 46.6216 102.771 52.1697 278.907 243.322 151.802 130.581 54.7264
internal_count=3918 2102 1088 1014 948 398 228 550 277 1816 1561 866 752 309
is_linear=0
shrinkage=0.03


Tree=21
num_leaves=15
num_cat=0
split_feature=3 10 1 3 4 16 25 18 9 26 26 25 28 26
split_gain=45.3835 22.2223 16.2182 14.1376 11.017 11.6802 14.4258 10.9382 12.2096 10.9385 11.6294 11.0869 10.6019 10.1919
threshold=0.007521129264690834 18.145000000000003 0.02562828787047922 0.017639523058969857 0.0050212068235358032 0.032158982339347171 0.032919358235269598 0.21500000000000002 0.0046101171020875784 0.0071324178960190396 -0.0041087157538126631 0.057026057405883283 0.014618088550435107 0.02847867574277985
decision_type=8 2 10 10 8 10 10 2 10 10 10 8 8 10
left_child=4 3 7 12 -1 -6 -7 9 -9 10 -3 -11 13 -2
right_child=1 2 -4 -5 5 6 -8 8 -10 11 -12 -13 -14 -15
leaf_value=-0.021384537054200164 -0.0037706080361472566 0.0029378418427906611 0.032655189639186746 0.018957835970045852 -0.010937897786719662 0.019287935137902241 -0.0081548076283027415 -0.0028953321652398856 0.023908236600168692 -0.01681247946406474 0.033419001783520037 0.012463018391814755 -0.017537206078056283 0.021494177659003404
leaf_weight=54.601557090878487 95.217105567455292 37.174814283847809 30.921687826514244 25.168400973081589 154.49232769012451 29.693815022706985 38.434206441044807 19.897708430886269 62.365325435996056 33.786794647574425 15.303817689418791 16.62974688410759 42.023831680417061 15.893344104290007
leaf_count=392 540 197 140 139 1001 187 236 104 294 187 80 86 246 89
internal_value=-0.000131888 0.00640044 0.0128466 -0.00143952 -0.00941454 -0.00639619 0.00391219 0.00938086 0.0174681 0.00280934 0.0122854 -0.00710146 -0.00489318 2.77894e-06
internal_weight=671.604 394.383 216.08 178.303 277.222 222.62 68.128 185.158 82.263 102.895 52.4786 50.4165 153.134 111.11
internal_count=3918 2102 1088 1014 1816 1424 423 948 398 550 277 273 875 629
is_linear=0
shrinkage=0.03


Tree=22
num_leaves=15
num_cat=0
split_feature=3 10 5 26 23 3 16 15 22 11 10 10 0 19
split_gain=42.8805 20.807 14.1241 13.4018 11.2507 8.95395 10.5534 12.7274 11.2792 15.8132 11.3419 8.93462 8.68834 8.08041
threshold=0.007521129264690834 18.145000000000003 0.03570560154751657 0.050385551350646769 1.0000000180025095e-35 0.0036658203015940238 1.0000000180025095e-35 -0.014925742585231492 0.56500000000000006 0.018508964955055166 19.985000000000003 27.790000000000003 -0.010014977202449591 0.0083682496705165827
decision_type=8 2 10 10 10 10 10 10 2 10 2 2 8 10
left_child=5 3 4 12 11 -1 7 -7 9 -8 -10 -3 -2 -6
right_child=1 2 -4 -5 13 6 8 -9 10 -11 -12 -13 -14 -15
leaf_value=-0.02811327315784206 0.012789157981541692 0.021138268463113018 0.034780203646798645 0.025387541437064003 -0.0058688365553253088 -0.004273635912125635 0.02639602040151507 -0.022583130391163216 -0.014491016991009513 -0.011039279553813192 0.010979085911504973 0.003348766269935498 -0.0067041621391105135 0.01455248634318995
leaf_weight=19.951349422335625 23.131322667002678 80.210335627198219 21.919139370322227 14.389002382755278 52.341609597206116 70.466179147362709 24.472884997725487 66.409215420484543 57.418463498353958 16.149629011750221 20.704575896263123 37.60339018702507 140.60543492436409 24.91199254989624
leaf_count=152 127 402 91 80 280 461 156 441 388 101 117 188 807 127
internal_value=-0.00012637 0.0062029 0.0124186 -0.00139588 0.0097413 -0.00919082 -0.00761011 -0.0132564 -0.00104541 0.0116058 -0.00768735 0.0155362 -0.0038894 0.000818246
internal_weight=670.685 395.112 216.986 178.126 195.067 275.572 255.621 136.875 118.746 40.6225 78.123 117.814 163.737 77.2536
internal_count=3918 2102 1088 1014 997 1816 1664 902 762 257 505 590 934 407
is_linear=0
shrinkage=0.03


Tree=23
num_leaves=15
num_cat=0
split_feature=3 5 10 3 14 5 28 23 14 21 16 27 22 9
split_gain=40.5359 19.5049 15.7767 11.5053 10.7788 10.1755 10.0783 9.89898 9.15977 8.87956 8.70745 17.3712 15.5894 12.0153
threshold=0.007521129264690834 0.041378633940970216 18.145000000000003 0.017639523058969857 1.4950000000000003 -0.019802983168458663 0.014675632357335279 0.017094433359300141 3.6750000000000003 0.032444284226150137 0.034479343187282303 0.0023226705180197098 0.62500000000000011 0.0038418998550161436
decision_type=8 10 2 10 2 8 10 10 2 10 10 10 2 10
left_child=4 2 3 5 -1 -2 8 -4 9 -7 -6 -12 -13 -14
right_child=1 -3 7 -5 10 6 -8 -9 -10 -11 11 12 13 -15
leaf_value=0.0086326552760037888 0.013300988585617953 0.034287219451918732 0.014758331788573723 0.016546405603442227 -0.014650995579974237 -0.016946717100536461 -0.022411068818582913 0.00069310571571334694 0.011758596529095576 0.0052912784972577922 -0.019912231184478348 0.032890517622062888 -0.026174004919400268 0.011586518198170687
leaf_weight=27.404483258724213 21.575155034661293 19.8276137560606 135.0884674936533 24.26373516023159 172.09675908088684 44.353247255086899 33.641541257500648 67.459554374217987 25.151565954089165 24.503648266196251 29.410755172371864 15.309473276138304 11.587909236550333 18.131577238440514
leaf_count=154 115 82 673 134 1167 264 202 352 136 144 197 97 83 118
internal_value=-0.000122159 0.00601166 0.00443377 -0.00220183 -0.0089756 -0.00534011 -0.00856968 0.0101003 -0.00343271 -0.00907057 -0.0109599 -0.00234527 0.00931195 -0.00350942
internal_weight=669.805 395.865 376.037 173.489 273.941 149.225 127.65 202.548 94.0085 68.8569 246.536 74.4397 45.029 29.7195
internal_count=3918 2102 2020 995 1816 861 746 1025 544 408 1662 495 298 201
is_linear=0
shrinkage=0.03


Tree=24
num_leaves=15
num_cat=0
split_feature=4 5 10 0 23 22 11 12 28 16 12 26 7 27
split_gain=39.354 19.7455 14.9337 13.7907 11.5072 10.9875 11.031 10.3352 9.78339 12.2063 9.44749 13.5263 8.41169 9.80933
threshold=0.0067033740718059152 0.041378633940970216 18.145000000000003 -0.0084803407678331038 0.017094433359300141 1.0550000000000004 0.021323073135039342 0.26829026717210264 0.012172943596180203 0.088889349861555847 0.11469775830748886 -0.0060680465243461148 -0.00668143784738806 -0.03704414481227291
decision_type=8 10 2 8 10 2 10 10 10 10 10 10 10 10
left_child=8 2 3 -2 7 -6 -7 12 9 -1 11 -10 -4 -14
right_child=1 -3 4 -5 5 6 -8 -9 10 -11 -12 -13 13 -15
leaf_value=-0.023772369473207711 0.014249938684504394 0.032495041946757612 0.0031509213835058535 -0.0060394333367748054 -0.014483154250166644 -0.0025360689970020606 0.025265113101326574 -0.0048798897928108492 0.01875945296270248 0.0050692453273344547 -0.023225816975446453 -0.010468132360321991 0.0019963836251722469 0.024465226768556971
leaf_weight=78.483215913176537 34.878967240452766 20.119359076023102 37.441465482115746 188.5933039188385 32.968983545899391 36.639893636107445 18.648212760686874 26.113292783498764 23.234167128801346 15.461168460547922 17.17798313498497 33.60975943505764 22.308662086725235 83.191582962870598
leaf_count=556 196 83 194 1135 186 198 93 140 151 102 115 229 114 426
internal_value=-0.000118428 0.00409761 0.00284428 -0.00282335 0.00775842 -0.00101976 0.0071233 0.0123202 -0.0126412 -0.0190223 -0.00439709 0.00159602 0.0154745 0.0197774
internal_weight=668.87 500.904 480.784 223.472 257.312 88.2571 55.2881 169.055 167.966 93.9444 74.0219 56.8439 142.942 105.5
internal_count=3918 2765 2682 1331 1351 477 291 874 1153 658 495 380 734 540
is_linear=0
shrinkage=0.03


Tree=25
num_leaves=15
num_cat=0
split_feature=3 1 17 14 17 0 28 18 23 7 27 15 14 13
split_gain=42.1297 16.7035 12.2553 14.9787 10.7665 14.4089 13.3629 13.3032 10.8647 10.4246 9.94342 9.46433 12.8353 9.28886
threshold=0.007521129264690834 0.026221219758154394 0.064427641789557663 1.4950000000000003 0.038215106675599561 -0.0072909379186114611 0.0097014819466434959 4.9850000000000012 -0.21434273995750228 0.0097083264953767862 0.0023226705180197098 0.026093594525829603 3.4950000000000006 1.619374091727537
decision_type=8 10 10 2 10 8 10 2 10 10 10 10 2 10
left_child=2 4 3 -1 5 -2 -6 8 -8 -5 -11 12 13 -10
right_child=1 -3 -4 9 6 -7 7 -9 11 10 -12 -13 -14 -15
leaf_value=0.0094130131130431647 0.020236048734173888 0.022364742995772645 0.012381017092153859 -0.015713109439641781 0.032530365516066674 -0.011745561995745109 0.020682535853645448 -0.018653637499858149 -0.0082266944453987835 -0.01328544418816124 0.018418967810694263 -0.0058556803500345684 0.021143387746796825 0.011096262171991295
leaf_weight=29.395349457859993 14.775967627763746 50.772039145231247 22.080356165766716 196.34407529979944 16.223181203007698 64.369040742516518 42.469422429800034 18.554814875125885 42.839178740978241 17.208352275192738 16.440658412873745 59.348967030644417 45.807143732905388 44.793563142418861
leaf_count=165 83 238 129 1368 84 380 198 106 242 117 109 321 234 229
internal_value=0.00020216 0.00645373 -0.00867241 -0.0105052 0.00408296 -0.00559677 0.00693018 0.00517263 0.0071228 -0.0130807 0.00228961 0.00404442 0.00845841 0.00166401
internal_weight=681.422 399.953 281.469 259.388 349.181 79.145 270.036 253.813 235.258 229.993 33.649 192.789 133.44 87.6327
internal_count=4003 2115 1888 1759 1877 463 1414 1330 1224 1594 226 1026 705 471
is_linear=0
shrinkage=0.03


Tree=26
num_leaves=15
num_cat=0
split_feature=3 1 17 14 19 25 11 4 28 24 0 9 24 23
split_gain=39.7677 15.5691 11.6039 14.2386 11.4387 13.8725 12.0526 10.5029 9.99082 13.5575 8.41413 11.6926 8.153 7.42011
threshold=0.007521129264690834 0.026221219758154394 0.064427641789557663 1.4950000000000003 0.0064517024179539537 0.059629306657389088 -0.081810552092475883 0.0098585118148565229 0.017263672067842229 0.049524172887718619 -9.6199778054639737e-05 0.003706799120789488 0.15988519350164065 -0.030771658666753698
decision_type=8 10 10 2 10 10 10 10 8 10 10 10 10 10
left_child=2 4 3 -1 5 8 -6 -8 9 10 -2 -12 -11 -13
right_child=1 -3 -4 -5 6 -7 7 -9 -10 12 11 13 -14 -15
leaf_value=0.0090953627395593453 -0.00091790260438218097 0.021555912789918693 0.011946182551771725 -0.012800314766147887 -0.0076308086650696029 0.018177648205294539 0.039437384577762517 0.012042455940646214 -0.011521831239752044 -0.024243468168298785 -0.002744960822590264 0.035411078191104353 0.0024734770011925209 0.0090732472213109708
leaf_weight=29.541955009102821 59.40940897166729 51.128765791654587 22.231594815850258 228.03959165513515 18.577628389000893 34.972934305667877 16.561101496219635 50.332973718643188 66.887431591749191 22.60918216407299 22.028226360678673 22.376953780651093 17.907210826873779 17.903769135475159
leaf_count=165 324 238 129 1594 101 167 86 261 362 133 125 114 101 103
internal_value=0.000198594 0.006253 -0.00846278 -0.0102636 0.00395964 0.000855444 0.0134304 0.0193056 -0.0018561 0.00217514 0.00717627 0.0147864 -0.0126601 0.024208
internal_weight=680.509 400.696 279.813 257.582 349.567 264.095 85.4717 66.8941 229.122 162.235 121.718 62.3089 40.5164 40.2807
internal_count=4003 2115 1888 1759 1877 1429 448 347 1262 900 666 342 234 217
is_linear=0
shrinkage=0.03


Tree=27
num_leaves=15
num_cat=0
split_feature=3 1 21 21 9 5 1 25 0 0 28 17 17 3
split_gain=37.5347 14.5219 13.2928 11.8769 15.2706 11.2857 10.6712 12.4287 11.6214 12.1492 13.1084 13.9233 8.81836 9.77968
threshold=0.007521129264690834 0.026221219758154394 0.16664430737467659 0.0056195148694765376 0.0027382298493961051 0.0054545407354691386 0.017123601393518765 0.059629306657389088 -0.017416308891128104 -9.6199778054639737e-05 0.017263672067842229 0.031556132109056632 0.051929860847783858 0.0067990119588821375
decision_type=8 10 10 10 10 10 8 10 10 10 10 10 10 10
left_child=3 2 6 4 -1 -6 7 8 -2 -10 11 -11 -5 -14
right_child=1 -3 -4 12 5 -7 -8 -9 9 10 -12 -13 13 -15
leaf_value=-0.026832065877122467 0.021790366728521981 0.020785466352102485 0.025236830155503862 -0.015537639449562761 0.019173929924176762 -0.0071630474687413371 -0.013864195535241581 0.020267102459942551 -0.0075684835762132403 -0.012594099447232211 -0.008418479477165116 0.017964173403005632 0.0064535780163720588 -0.021619028042060753
leaf_weight=12.332914561033247 22.572165220975876 51.465033292770386 23.330204322934151 153.03395118564367 35.446270003914833 23.77642810344696 32.324786931276321 36.183048933744431 109.61984434723854 15.695715770125387 38.459132865071297 71.830241873860359 39.139359727501869 14.47896187007427
leaf_count=88 117 238 104 1089 212 149 171 175 612 94 212 392 259 91
internal_value=0.0001955 0.00605844 0.00383998 -0.00825667 0.00225474 0.00865693 0.00223957 0.00404894 0.00170657 -0.000301527 0.00603127 0.0124039 -0.0118897 -0.00138411
internal_weight=679.688 401.48 350.015 278.208 71.5556 59.2227 326.685 294.36 258.177 235.605 125.985 87.526 206.652 53.6183
internal_count=4003 2115 1877 1888 449 361 1773 1602 1427 1310 698 486 1439 350
is_linear=0
shrinkage=0.03


Tree=28
num_leaves=15
num_cat=0
split_feature=3 1 21 21 9 5 19 25 21 15 17 8 4 6
split_gain=35.451 13.5558 12.4334 11.2979 14.5722 10.5202 10.4318 10.7714 13.9667 10.9918 10.6064 12.1652 10.0161 9.53729
threshold=0.007521129264690834 0.026221219758154394 0.16664430737467659 0.0056195148694765376 0.0027382298493961051 0.0054545407354691386 0.0019822312970815274 0.059629306657389088 0.003244428422592201 0.0075614997219202737 0.052963492873907184 -0.0011005745548713362 0.013672661675320113 0.45447612981326496
decision_type=8 10 10 10 10 10 10 10 8 10 8 10 8 8
left_child=3 2 6 4 -1 -6 7 8 9 -2 11 -8 -12 -5
right_child=1 -3 -4 13 5 -7 10 -9 -10 -11 12 -13 -14 -15
leaf_value=-0.026523625753969122 -0.0034982516310034699 0.020050744565753797 0.024341177544468288 -0.017889221784109444 0.018420611004900268 -0.0069856769214374234 0.034537123305503334 0.016405782632605889 -0.0074261505316368728 0.025808379538291709 -0.013605538807556163 0.0040133556386051511 0.014972734150165097 -0.0049070357215271069
leaf_weight=12.116952009499071 22.476222455501556 51.782041355967522 23.497182697057724 105.31126740574837 35.82398197054863 23.675662204623222 24.784318327903748 26.904861152172089 166.16696409881115 22.180512443184853 22.337907046079636 22.135263383388519 19.941646337509155 99.75101063400507
leaf_count=88 118 238 104 749 212 149 133 130 939 113 117 126 97 690
internal_value=0.000188774 0.00586926 0.00372257 -0.00806032 0.00217629 0.00836276 0.00217095 -0.00112044 -0.00342399 0.0113045 0.0108581 0.0205212 -9.17546e-05 -0.0116286
internal_weight=678.886 402.207 350.425 276.679 71.6166 59.4996 326.928 237.729 210.824 44.6567 89.1991 46.9196 42.2796 205.062
internal_count=4003 2115 1877 1888 449 361 1773 1300 1170 231 473 259 214 1439
is_linear=0
shrinkage=0.03


Tree=29
num_leaves=15
num_cat=0
split_feature=3 1 21 3 21 5 1 25 0 0 28 26 25 28
split_gain=33.4998 12.6525 11.6308 10.9997 10.814 11.1896 10.0805 11.0721 10.8437 11.4303 12.224 9.88983 8.50854 7.79981
threshold=0.007521129264690834 0.026221219758154394 0.16664430737467659 0.0036658203015940238 0.0056195148694765376 0.0054545407354691386 0.017123601393518765 0.059629306657389088 -0.017416308891128104 -9.6199778054639737e-05 0.017263672067842229 0.011497484583105068 0.039793876501035101 0.012446462478285177
decision_type=8 10 10 10 10 8 8 10 10 10 10 10 10 8
left_child=3 2 6 -1 5 11 7 8 -2 -10 12 -5 13 -11
right_child=1 -3 -4 4 -6 -7 -8 -9 9 10 -12 -13 -14 -15
leaf_value=-0.028922045417566527 0.020937555936655184 0.019349343833019672 0.023488936265361755 0.026650061185374847 -0.009804114668723201 -0.010482329998149237 -0.013595902891225239 0.019059569187346567 -0.0073841483368653343 -0.0037785277217859793 -0.0081958304046565334 -0.0030579014612131371 0.026800004264386935 0.016931333776148503
leaf_weight=19.733437933027744 22.797680333256721 52.080918282270432 23.653077617287636 22.783663794398308 188.36240271478891 27.119959369301796 32.122048750519753 36.656048715114594 109.18522860109806 34.08450473845005 38.279268190264702 17.185315802693367 24.009595170617104 29.97307300567627
leaf_count=163 117 238 104 131 1313 175 171 175 612 196 212 106 122 168
internal_value=0.000185029 0.00569124 0.00361405 -0.00786691 -0.00613398 0.00416315 0.00210969 0.00386008 0.00163815 -0.00031051 0.00581232 0.0141138 0.0119248 0.00602309
internal_weight=678.026 402.841 350.761 275.185 255.451 67.0889 327.107 294.985 258.329 235.532 126.346 39.969 88.0672 64.0576
internal_count=4003 2115 1877 1888 1725 412 1773 1602 1427 1310 698 237 486 364
is_linear=0
shrinkage=0.03


Tree=30
num_leaves=15
num_cat=0
split_feature=4 10 0 2 26 12 23 9 21 21 15 21 10 28
split_gain=35.2551 13.9617 13.9424 15.7293 12.6431 12.4235 14.2372 11.8262 15.0221 12.6636 12.5363 11.4433 17.6622 11.4136
threshold=0.0067033740718059152 19.345000000000002 -0.016729224010335827 0.010385853213318532 -0.030290038368189772 0.089929753737367349 0.035507241283764431 0.0040520716213794314 0.0051041778553254221 0.14079364095970748 0.010008430789027247 0.010259783520844067 26.390000000000004 0.013114756323182345
decision_type=8 2 8 10 10 10 8 10 10 10 10 10 2 10
left_child=-1 2 -2 -4 -5 6 -6 13 -9 10 11 -10 -13 -3
right_child=1 7 3 4 5 -7 -8 8 9 -11 -12 12 -14 -15
leaf_value=-0.01201957005471902 0.02348911640663329 0.013340356468008999 -0.0086200043987038275 -0.015550664704073692 0.0057109514628207927 -0.0070599559298242312 0.037231405247876395 0.03354235172030836 -0.002305508180908555 0.02334802787589459 -0.0075526050912292459 0.038863749897517966 0.0016342268712366736 -0.013737387453100949
leaf_weight=162.07586937397718 18.612871274352074 22.394480541348457 152.87323301285505 16.876699417829514 28.420729666948318 20.159280478954315 23.291591569781303 25.796139940619469 30.566460162401199 41.465108722448349 48.188475713133812 23.344404965639114 21.857020288705826 33.998151838779449
leaf_count=1159 96 125 931 98 166 122 126 119 161 178 252 116 109 192
internal_value=0.000119286 0.00400934 -0.000844631 -0.00280822 0.00718735 0.0126668 0.020345 0.00909367 0.0126392 0.00919753 0.00431503 0.0118629 0.0212865 -0.00293927
internal_weight=669.921 507.845 260.234 241.622 88.7483 71.8716 51.7123 247.61 191.218 165.421 123.956 75.7679 45.2014 56.3926
internal_count=3950 2791 1539 1443 512 414 292 1252 935 816 638 386 225 317
is_linear=0
shrinkage=0.03


Tree=31
num_leaves=15
num_cat=0
split_feature=4 17 4 22 1 0 16 22 0 16 17 6 26 21
split_gain=33.3984 13.3407 14.6106 13.9105 12.4883 12.4878 17.0095 12.9106 11.4695 9.22091 10.8668 9.82496 9.21374 9.03741
threshold=0.0067033740718059152 0.083346921804393806 0.0069853869607588376 0.39500000000000007 0.0043019545923637112 0.0087584579164929916 -0.044077654829627326 0.58500000000000008 -0.016729224010335827 0.06764502468122259 0.038539112053792395 1.2369430153931962 0.016714527221190493 0.017209951838852825
decision_type=8 10 10 2 8 10 10 2 10 10 10 10 10 10
left_child=-1 2 4 -3 -2 8 -7 -8 -4 11 -11 -10 -12 -13
right_child=1 3 5 -5 -6 6 7 -9 9 10 12 13 -14 -15
leaf_value=-0.011754249953888591 0.037314943707250879 0.036862236960087752 0.015204012757223166 0.0076491255447203449 0.0020275717823992302 0.038582905897898159 0.020094076442654086 -0.011793383400829995 -0.0092181472187132726 -0.013568266200008441 0.0041963847145926993 -0.0058448191677892575 0.031467235734991328 0.024220061160441928
leaf_weight=160.80434542894363 17.503799825906754 19.160234332084656 30.397492781281471 56.764716178178787 17.860189497470856 15.60865870118141 20.109352633357048 23.953132376074791 201.24568317830563 18.666448473930359 37.05146749317646 19.130602985620499 15.192134842276571 15.493721783161162
leaf_count=1159 101 83 152 272 102 80 102 129 1197 111 195 105 81 81
internal_value=0.000119025 0.00389213 0.00183888 0.0154046 0.0200393 0.000170715 0.0127029 0.00288247 -0.00207815 -0.0038344 0.00559533 -0.00668093 0.0125687 0.00791086
internal_weight=668.942 508.138 432.213 75.925 35.364 396.849 59.6711 44.0625 337.178 306.78 70.9101 235.87 52.2436 34.6243
internal_count=3950 2791 2436 355 203 2233 311 231 1922 1770 387 1383 276 186
is_linear=0
shrinkage=0.03


Tree=32
num_leaves=15
num_cat=0
split_feature=4 10 4 3 3 9 21 21 15 21 10 3 5 11
split_gain=31.6497 12.7781 10.9985 10.826 10.8115 10.778 13.8049 11.5398 11.7684 10.5014 16.2053 10.4733 9.74008 14.8433
threshold=0.0067033740718059152 19.345000000000002 0.0069853869607588376 0.0036658203015940238 0.017404934484219214 0.0040520716213794314 0.0051041778553254221 0.14079364095970748 0.010008430789027247 0.010259783520844067 26.390000000000004 0.014213640529005303 -0.018827285648720892 -0.024315306330911609
decision_type=8 2 10 10 10 10 10 10 10 10 2 10 10 10
left_child=3 2 -2 -1 12 -3 -7 8 9 -8 -11 -10 13 -4
right_child=1 5 4 -5 -6 6 7 -9 11 10 -12 -13 -14 -15
leaf_value=-0.032816336916099566 0.018120046272988945 -0.0028730802152904652 -0.0088318671242677525 -0.0085652802318919134 0.013502972584013628 0.031898628556722562 -0.0022960338684159297 0.022157741506025005 -0.017260250290239938 0.036894459930243831 0.0014124652798048437 0.011727273836498546 -0.0081729672967180266 0.030827447227561165
leaf_weight=18.032557308673859 23.85801400244236 56.29703851044178 17.750605061650276 141.53177640587091 30.608176648616791 26.134213671088219 30.532212153077126 41.717962950468063 31.954617783427238 23.7627964168787 21.923941776156425 16.157455071806908 173.10178850591183 14.71474017202854
leaf_count=156 140 317 100 1003 163 119 161 178 173 116 109 79 1056 80
internal_value=0.000121358 0.00378126 -0.000869058 -0.0114932 -0.00285562 0.00863176 0.0119994 0.00869523 0.00403727 0.0113132 0.0202625 -0.00748481 -0.00534492 0.00952754
internal_weight=668.078 508.514 260.033 159.564 236.175 248.48 192.183 166.049 124.331 76.219 45.6867 48.1121 205.567 32.4653
internal_count=3950 2791 1539 1159 1399 1252 935 816 638 386 225 252 1236 180
is_linear=0
shrinkage=0.03


Tree=33
num_leaves=15
num_cat=0
split_feature=4 10 6 9 28 6 23 27 21 13 6 18 9 22
split_gain=30.0475 16.4949 15.3818 11.5879 13.0715 10.267 11.4919 10.2565 10.1343 14.4699 11.2447 10.8661 10.4857 10.0313
threshold=0.0060746335684924418 19.345000000000002 -1.7863763255246872 0.0042453963079154425 0.013786538534916811 0.48811448817711639 -0.016227603395880471 0.026247554992930858 0.0032444284225929391 0.73962640936472324 1.351661057310876 0.59500000000000008 0.0033371269963941223 1.9850000000000001
decision_type=8 2 10 10 10 10 8 10 10 10 10 2 10 2
left_child=5 2 -2 4 7 -1 -7 -3 12 10 11 -10 -4 -5
right_child=1 3 8 13 -6 6 -8 -9 9 -11 -12 -13 -14 -15
leaf_value=-0.022997509385010991 0.018164696267713127 -0.0021015639914024426 0.024393082592487427 0.017562025779942557 -0.013116343132089483 0.0095790415134151992 -0.015726169882101543 0.029628862282027754 0.019396660594548587 -0.013708140591105727 0.024530934313096907 -0.0086446134743843554 -0.0046122923149793816 0.0030371706339444846
leaf_weight=54.246099568903446 29.667994752526283 21.209655925631523 19.644801199436188 121.30241771042347 39.765227526426315 26.732195191085339 37.924948118627071 14.987106636166571 14.722824305295942 122.07083444297314 15.510678604245184 58.746549651026726 23.989639818668365 66.573315218091011
leaf_count=422 160 124 109 567 225 195 280 80 88 772 79 365 135 349
internal_value=0.000120116 0.00309048 -0.00192099 0.00847849 -0.00139921 -0.013486 -0.0052773 0.0114796 -0.00432264 -0.00704343 0.00215055 -0.0028403 0.00870025 0.0124585
internal_weight=667.094 548.191 284.353 263.838 75.962 118.903 64.6571 36.1968 254.685 211.051 88.9801 73.4694 43.6344 187.876
internal_count=3950 3053 1708 1345 429 897 475 204 1548 1304 532 453 244 916
is_linear=0
shrinkage=0.03


Tree=34
num_leaves=15
num_cat=0
split_feature=4 21 18 3 4 25 25 0 0 27 21 22 21 11
split_gain=28.6283 11.4296 12.9787 10.589 9.52056 12.3064 11.1371 11.4898 13.6232 9.20711 8.72301 8.4091 8.13612 9.85523
threshold=0.0067033740718059152 0.084970492838669975 4.1850000000000014 0.0036658203015940238 0.0069853869607588376 0.03432047110460619 0.058792676986415292 -0.016729224010335827 0.0074936231501143711 0.014474952554440647 0.020176782236101899 0.62500000000000011 0.0044721359549829967 -0.016002017902587481
decision_type=8 10 2 10 10 8 10 10 10 10 10 2 10 8
left_child=3 4 9 -1 5 -2 7 -6 -9 -3 -8 -10 13 -5
right_child=1 2 -4 12 6 -7 10 8 11 -11 -12 -13 -14 -15
leaf_value=-0.032528709967598032 0.034909941216356419 0.011530381814584264 -0.0092672594139004884 0.022652630696694941 0.017308853787322321 -0.0010804159783649263 0.023137486492852178 -0.0060759323105717576 0.020572387295767925 0.036100407175131494 -0.0030212616263402513 -0.0014410769940105164 -0.011870493592073372 -0.010959650359836214
leaf_weight=17.354239903390408 16.022431418299675 41.05105984210968 16.385320574045181 14.44733092933893 25.894800305366516 17.064121335744858 30.602993175387383 262.10055236518383 30.103493079543114 20.888851791620255 17.682524263858795 31.122722238302231 110.3752404525876 15.079492688179018
leaf_count=156 91 182 93 89 130 96 144 1542 157 98 84 174 817 97
internal_value=0.000117733 0.00357698 0.0140428 -0.0110291 0.00164512 0.0168611 0.000339487 -0.0015404 -0.00309872 0.0202584 0.013691 0.0095391 -0.00815021 0.00568998
internal_weight=666.175 508.919 78.3252 157.256 430.594 33.0866 397.507 349.222 323.327 61.9399 48.2855 61.2262 139.902 29.5268
internal_count=3950 2791 373 1159 2418 187 2231 2003 1873 280 228 331 1003 186
is_linear=0
shrinkage=0.03


Tree=35
num_leaves=15
num_cat=0
split_feature=4 6 15 14 4 21 11 5 14 6 6 24 10 25
split_gain=28.0379 13.938 12.2544 12.2423 8.35476 8.02292 10.2076 9.20467 10.5879 8.56978 8.04678 10.8065 6.99918 9.22813
threshold=0.0084039626148893209 1.3812280830239303 0.025702851102745731 4.2250000000000005 0.004063278771443816 0.0044721359549829967 0.0013440901950994013 -0.018827285648720892 2.2950000000000004 0.44248448249777433 0.26824187878069145 -0.11306208972617378 12.525 0.023277502126799497
decision_type=8 8 8 2 10 10 10 10 2 10 10 10 2 10
left_child=4 3 -3 12 -1 6 9 -7 10 -6 -9 -12 -2 -14
right_child=1 2 -4 -5 5 7 -8 8 -10 -11 11 -13 13 -15
leaf_value=-0.026479899245573261 -0.0083004373979650645 0.024636892500874807 -0.0023810004062721304 -0.010508875340222858 -0.00082033319153196511 0.011678002111721167 -0.0088605482840144086 -0.015994609948739077 -0.017858275196265271 0.031111231440027667 -0.014160090593884917 0.013885203423275682 0.025562965681370099 0.0049611498839006512
leaf_weight=18.125257827341557 30.487284645438194 52.196296721696854 20.871439024806023 52.954905360937119 14.215886369347574 17.073635317385197 27.92579061537981 26.401224851608276 90.9016929641366 15.045961201190947 18.174845293164253 33.98124086111784 20.488517254590988 232.01045082509518
leaf_count=160 187 238 97 324 85 105 174 197 642 89 128 232 119 1205
internal_value=0.000305493 0.00520833 0.0169914 0.00260267 -0.00734353 -0.00581799 0.0039601 -0.00882092 -0.0109427 0.0160839 -0.00281643 0.00402972 0.00508458 0.00672709
internal_weight=670.854 409.009 73.0677 335.941 261.846 243.72 57.1876 186.533 169.459 29.2618 78.5573 52.1561 282.986 252.499
internal_count=3982 2170 335 1835 1812 1652 348 1304 1199 174 557 360 1511 1324
is_linear=0
shrinkage=0.03


Tree=36
num_leaves=15
num_cat=0
split_feature=4 6 18 15 22 3 1 28 14 28 26 23 14 1
split_gain=26.4707 13.0454 11.5689 11.4271 9.59094 9.58971 9.40102 8.6686 12.2237 15.5314 9.16742 7.49445 9.21251 7.2899
threshold=0.0084039626148893209 1.3812280830239303 4.8850000000000007 0.025702851102745731 0.065000000000000016 0.0036658203015940238 0.016347516331737037 0.027203113703499589 1.925 0.013735759292971493 0.0080038160122166985 -0.014870368000908183 1.4950000000000003 -0.004648657364425989
decision_type=8 8 2 8 2 10 10 10 2 10 10 10 2 10
left_child=5 2 4 -3 -2 -1 7 8 9 10 -6 13 -13 -7
right_child=1 3 -4 -5 6 11 -8 -9 -10 -11 -12 12 -14 -15
leaf_value=-0.02771252299658249 0.01842709906636901 0.023757777519834048 -0.011370319235381109 -0.0023143023457045408 0.040179778555865027 0.010644793457012977 -0.011781658903253226 0.021143215779995991 -0.0023863674145975199 -0.0059121918784897738 0.010041787779024482 0.011750163723676977 -0.013570057549088859 -0.0051761037121524946
leaf_weight=18.023405745625496 38.782719299197197 52.535594835877419 45.592973709106445 20.857796847820282 18.21805714070797 37.483509600162506 34.465443775057793 25.000658631324768 133.24439997971058 22.046602457761765 18.917924225330353 13.864875972270964 109.94406045973301 81.202751524746418
leaf_count=167 170 238 276 97 100 240 186 121 759 119 104 78 773 554
internal_value=0.000295295 0.0050457 0.00252254 0.0164168 0.00473317 -0.00716538 0.00256026 0.00487719 0.00266548 0.0138899 0.0254927 -0.00553068 -0.0106631 -0.000132354
internal_weight=670.181 409.662 336.269 73.3934 290.676 260.519 251.893 217.428 192.427 59.1826 37.136 242.495 123.809 118.686
internal_count=3982 2170 1835 335 1559 1812 1389 1203 1082 323 204 1645 851 794
is_linear=0
shrinkage=0.03


Tree=37
num_leaves=15
num_cat=0
split_feature=3 6 3 20 7 27 25 14 21 9 0 25 13 22
split_gain=23.62 12.626 11.369 9.39918 9.58068 12.0196 8.94715 10.794 8.1143 8.52441 8.05351 8.64485 7.21701 10.9383
threshold=0.0093247460285266828 2.0986287371608672 0.0036658203015940238 -0.24821844315694527 0.010073532278303878 0.0064954252856995751 0.038978738230526715 1.905 0.0032444284225929391 0.0036240158539270146 -0.0037471342449850726 0.020124611797498134 1.7543799399631519 0.81500000000000006
decision_type=10 8 8 8 10 10 8 2 10 10 10 10 10 2
left_child=2 6 -1 -4 8 -6 7 -2 9 -5 -9 -12 -10 -14
right_child=1 -3 3 4 5 -7 -8 10 12 -11 11 -13 13 -15
leaf_value=-0.027570849392086868 0.013332851418928546 0.023492431925710461 0.01767215348795265 -0.004103805643367011 -0.0058673724829799538 0.024167485078871884 0.0094693417731345937 0.0064455019700331304 -0.012360256419021937 0.022204865405010297 0.0059466726137881462 -0.0179157920909889 -0.012555804892378314 0.012948485544205697
leaf_weight=17.896089874207973 32.83308681845665 33.557711988687515 16.709228195250034 35.708799809217453 26.07072638720274 20.734738871455193 140.60954956710339 30.618367001414299 171.29989474266768 14.924023419618605 17.858416140079498 51.944069087505341 30.153834745287895 28.432904601097107
leaf_count=169 178 143 105 212 166 129 667 168 1192 81 104 295 195 178
internal_value=0.000287811 0.00639156 -0.0049 -0.00364421 -0.00478287 0.00766523 0.00421826 -0.00135193 -0.00687972 0.00393054 -0.00623732 -0.011813 -0.00926741 -0.000168661
internal_weight=669.351 307.421 361.93 344.034 327.325 46.8055 273.863 133.254 280.519 50.6328 100.421 69.8025 229.887 58.5867
internal_count=3982 1555 2427 2258 2153 295 1412 745 1858 293 567 399 1565 373
is_linear=0
shrinkage=0.03


Tree=38
num_leaves=15
num_cat=0
split_feature=4 6 14 15 3 21 11 5 14 11 3 6 10 18
split_gain=23.9227 11.6713 10.7292 10.7257 9.04243 6.8933 8.65281 8.63877 10.5301 7.08971 6.64913 6.44154 6.22308 6.63672
threshold=0.0084039626148893209 1.3812280830239303 4.2250000000000005 0.025702851102745731 0.0036658203015940238 0.0044721359549829967 0.0013440901950994013 -0.018827285648720892 2.2950000000000004 -0.14331220746805903 0.018058813175569208 0.44248448249777433 12.525 0.21500000000000002
decision_type=8 8 2 8 10 10 10 10 2 8 10 10 2 2
left_child=4 2 12 -3 -1 6 11 -7 9 -9 -4 -6 -2 -14
right_child=1 3 10 -5 5 7 -8 8 -10 -11 -12 -13 13 -15
leaf_value=-0.027232842479030867 -0.0079877826230362221 0.022575335502997586 -0.017402690095657463 -0.0026288905467556989 -0.00041329455911983645 0.0117531987020406 -0.0083041278719746241 -0.02338926345591184 -0.017418479607016167 0.0013827177826373274 0.0049420961246245468 0.027031020089301219 0.0016344165801038023 0.011343301364245497
leaf_weight=17.283475980162621 30.246196419000626 52.906206712126732 34.795570038259029 20.891626298427582 13.995838746428491 17.008442096412182 27.400721110403538 11.224019438028334 86.287017740309238 69.000640958547592 17.465120747685432 16.02278894931078 134.60719756782055 119.39878167212009
leaf_count=167 187 238 226 97 83 104 171 82 618 492 98 95 725 599
internal_value=0.000280507 0.0047786 0.00238832 0.0155004 -0.00685772 -0.00528962 0.00373339 -0.00811765 -0.0102054 -0.00232835 -0.00998265 0.0146346 0.00468978 0.00622479
internal_weight=668.534 410.311 336.513 73.7978 258.223 240.939 57.4193 183.52 166.512 80.2247 52.2607 30.0186 284.252 254.006
internal_count=3982 2170 1835 335 1812 1645 349 1296 1192 574 324 178 1511 1324
is_linear=0
shrinkage=0.03


Tree=39
num_leaves=15
num_cat=0
split_feature=4 6 18 15 3 22 1 1 6 14 23 12 14 14
split_gain=22.5857 10.9372 10.3664 10.0203 8.7963 8.49904 8.96435 7.71384 9.81627 17.6139 7.04616 8.78782 10.6886 9.80587
threshold=0.0084039626148893209 1.3812280830239303 4.8850000000000007 0.025702851102745731 0.0036658203015940238 0.065000000000000016 0.016347516331737037 0.0010070383481197711 0.324318475589498 2.5450000000000004 -0.014870368000908183 0.01866709200732353 1.7450000000000003 2.2750000000000004
decision_type=8 8 2 8 10 2 10 10 10 2 10 10 2 2
left_child=4 2 5 -3 -1 -2 7 -7 9 -9 11 12 -6 -14
right_child=1 3 -4 -5 10 6 -8 8 -10 -11 -12 -13 13 -15
leaf_value=-0.026995987359352665 0.017222555426954521 0.021793550413714911 -0.01092702460667107 -0.002555385658481955 -0.01606964142829511 0.0010253693589501868 -0.011687667896030783 0.045201921008883192 -0.0023715615930269092 0.0049194503915833037 -0.010176282824935899 -0.0094385602738457954 0.03534211317561424 0.0056946995401236707
leaf_weight=16.926254004240036 39.111867517232895 53.191368877887726 45.051161229610443 20.876784130930901 13.541177086532114 156.45437505096197 34.362677112221718 16.315323665738106 22.33482538163662 23.059566974639893 122.03119191527367 49.524798102676868 12.35759501904249 42.612624920904636
leaf_count=167 170 238 276 97 89 860 186 90 125 128 851 342 85 278
internal_value=0.00026998 0.00463037 0.00231418 0.014988 -0.00669026 0.00438997 0.00234235 0.00459544 0.013486 0.022317 -0.00515253 8.3114e-05 0.00700281 0.012872
internal_weight=667.752 410.758 336.69 74.0682 256.994 291.639 252.527 218.164 61.7097 39.3749 240.067 118.036 68.5114 54.9702
internal_count=3982 2170 1835 335 1812 1559 1389 1203 343 218 1645 794 452 363
is_linear=0
shrinkage=0.03


Tree=40
num_leaves=15
num_cat=0
split_feature=3 25 23 26 2 13 10 9 15 4 24 7 4 22
split_gain=24.9523 12.4298 13.5935 11.7742 10.453 10.6742 12.0371 11.0444 11.0008 10.3141 11.3858 12.0126 9.95384 12.0681
threshold=0.0059872549868768459 0.043075820546908568 0.041672696400568053 1.0000000180025095e-35 -0.045249092492994684 0.75331609003796973 19.215000000000003 0.0039927477831152242 0.0088594265088811647 0.0046386686199016364 -0.12022435616655268 0.0062723493942637995 0.012521334732888294 0.68500000000000016
decision_type=8 10 10 10 8 8 2 10 10 10 10 10 10 2
left_child=3 4 -3 9 -2 12 -7 -8 -9 -1 -11 -12 13 -6
right_child=1 2 -4 -5 5 6 7 8 -10 10 11 -13 -14 -15
leaf_value=-0.022505870210259699 0.015528179915913478 0.014009880300343691 -0.0050738371136665851 -0.020204118258223595 0.029421609974046293 -0.011826573662746528 -0.010090417073753197 0.019187959325970842 -0.0069670222402146986 -0.014700181194277913 0.0013518239607327319 0.03715208072898811 -0.0057406929666759697 0.0021681115390073916
leaf_weight=16.774585984647274 34.510898485779762 145.83239325881004 42.987934805452824 63.298780351877213 25.337214343249798 116.41881247609854 38.886465325951576 40.320940926671028 21.623974099755287 19.098057746887207 25.635639898478985 11.631027102470396 35.240014612674713 33.267396777868271
leaf_count=150 175 707 217 496 138 736 229 210 117 142 190 79 202 204
internal_value=0.000567495 0.00349363 0.00966133 -0.0108362 0.000105783 -0.00164935 -0.00529617 0.00228585 0.010092 -0.00256547 0.00365783 0.0132041 0.00675986 0.0142469
internal_weight=670.864 534.426 188.82 136.438 345.606 311.095 217.25 100.831 61.9449 73.1393 56.3647 37.2667 93.8446 58.6046
internal_count=3992 2935 924 1057 2011 1836 1292 556 327 561 411 269 544 342
is_linear=0
shrinkage=0.03


Tree=41
num_leaves=15
num_cat=0
split_feature=3 25 23 6 5 26 12 6 5 13 13 4 28 21
split_gain=23.6331 11.637 12.7159 11.6206 12.6514 11.3416 10.067 10.0708 13.538 7.79436 7.55306 9.6953 22.9574 9.17757
threshold=0.0059872549868768459 0.043075820546908568 0.041672696400568053 -1.7561783753091003 0.034075690135309013 1.0000000180025095e-35 0.091807341987255389 0.5043873465430867 0.011605168215855699 1.2855958318815701 0.75331609003796973 0.012521334732888294 0.012734144129023404 0.0032444284225914316
decision_type=8 10 10 8 10 10 10 10 8 10 8 10 10 8
left_child=5 3 -3 9 10 6 7 -1 -9 -2 11 12 -5 -12
right_child=1 2 -4 4 -6 -7 -8 8 -10 -11 13 -13 -14 -15
leaf_value=-0.0082406937729273943 0.0027955997708307488 0.013525967276258195 -0.0049343560726318493 -0.0031515891370089079 0.02536607151619976 -0.019881508978061214 -0.017353214625510927 0.042054674461395838 -0.0018739238172610358 0.030344581365976727 0.0098269884093954603 -0.0085232463962005584 0.036229799710268525 -0.0087217028262215647
leaf_weight=23.335442721843719 19.80814129114151 146.54300265014172 42.906519003212452 34.897685870528221 13.703215301036833 62.425677165389061 25.462367728352547 10.929481878876684 13.240597970783712 16.70692153275013 26.832767933607101 33.105992078781128 20.407016485929489 179.89095602929592
leaf_count=186 101 707 217 212 60 496 198 79 98 88 149 196 115 1090
internal_value=0.000550199 0.00338751 0.00934112 0.000104003 -0.00180565 -0.0105998 -0.00249762 0.0056584 0.0188718 0.0158731 -0.00314864 0.00415771 0.0117652 -0.00627836
internal_weight=670.196 534.802 189.45 345.353 308.838 135.394 72.9679 47.5055 24.1701 36.5151 295.134 88.4107 55.3047 206.724
internal_count=3992 2935 924 2011 1822 1057 561 363 177 189 1762 523 327 1239
is_linear=0
shrinkage=0.03


end of trees

feature_importances:
vol_20d=50
zscore_60d=41
DFF_vol_20d=40
vol_60d=34
VIX_lvl=32
dist_sma20=31
T10Y2Y_vol_20d=31
DGS10_lvl=30
T10Y2Y_lvl=28
ret_1d=23
COPPER_ret_5d=23
ret_5d=19
COPPER_vol_20d=19
DGS10_vol_20d=18
VIX_ret_5d=16
DGS10_ret_5d=16
DXY_vol_20d=14
VIX_vol_20d=14
DGS10_ret_20d=14
DFF_lvl=14
COPPER_ret_20d=14
ret_20d=12
T10Y2Y_ret_5d=12
T10Y2Y_ret_20d=12
DXY_ret_5d=9
VIX_ret_20d=9
DFF_ret_5d=7
DXY_ret_20d=3
DFF_ret_20d=3

parameters:
[boosting: gbdt]
[objective: binary]
[metric: binary_logloss]
[tree_learner: serial]
[device_type: cpu]
[data_sample_strategy: bagging]
[data: ]
[valid: ]
[num_iterations: 600]
[learning_rate: 0.03]
[num_leaves: 15]
[num_threads: 0]
[seed: 0]
[deterministic: 0]
[force_col_wise: 0]
[force_row_wise: 0]
[histogram_pool_size: -1]
[max_depth: -1]
[min_data_in_leaf: 80]
[min_sum_hessian_in_leaf: 0.001]
[bagging_fraction: 0.8]
[pos_bagging_fraction: 1]
[neg_bagging_fraction: 1]
[bagging_freq: 5]
[bagging_seed: 3]
[bagging_by_query: 0]
[feature_fraction: 0.8]
[feature_fraction_bynode: 1]
[feature_fraction_seed: 2]
[extra_trees: 0]
[extra_seed: 6]
[early_stopping_round: 0]
[early_stopping_min_delta: 0]
[first_metric_only: 0]
[max_delta_step: 0]
[lambda_l1: 0]
[lambda_l2: 1]
[linear_lambda: 0]
[min_gain_to_split: 0]
[drop_rate: 0.1]
[max_drop: 50]
[skip_drop: 0.5]
[xgboost_dart_mode: 0]
[uniform_drop: 0]
[drop_seed: 4]
[top_rate: 0.2]
[other_rate: 0.1]
[min_data_per_group: 100]
[max_cat_threshold: 32]
[cat_l2: 10]
[cat_smooth: 10]
[max_cat_to_onehot: 4]
[top_k: 20]
[monotone_constraints: ]
[monotone_constraints_method: basic]
[monotone_penalty: 0]
[feature_contri: ]
[forcedsplits_filename: ]
[refit_decay_rate: 0.9]
[cegb_tradeoff: 1]
[cegb_penalty_split: 0]
[cegb_penalty_feature_lazy: ]
[cegb_penalty_feature_coupled: ]
[path_smooth: 0]
[interaction_constraints: ]
[verbosity: -1]
[saved_feature_importance_type: 0]
[use_quantized_grad: 0]
[num_grad_quant_bins: 4]
[quant_train_renew_leaf: 0]
[stochastic_rounding: 1]
[linear_tree: 0]
[max_bin: 255]
[max_bin_by_feature: ]
[min_data_in_bin: 3]
[bin_construct_sample_cnt: 200000]
[data_random_seed: 1]
[is_enable_sparse: 1]
[enable_bundle: 1]
[use_missing: 1]
[zero_as_missing: 0]
[feature_pre_filter: 1]
[pre_partition: 0]
[two_round: 0]
[header: 0]
[label_column: ]
[weight_column: ]
[group_column: ]
[ignore_column: ]
[categorical_feature: ]
[forcedbins_filename: ]
[precise_float_parser: 0]
[parser_config_file: ]
[objective_seed: 5]
[num_class: 1]
[is_unbalance: 0]
[scale_pos_weight: 1]
[sigmoid: 1]
[boost_from_average: 1]
[reg_sqrt: 0]
[alpha: 0.9]
[fair_c: 1]
[poisson_max_delta_step: 0.7]
[tweedie_variance_power: 1.5]
[lambdarank_truncation_level: 30]
[lambdarank_norm: 1]
[label_gain: ]
[lambdarank_position_bias_regularization: 0]
[eval_at: ]
[multi_error_top_k: 1]
[auc_mu_weights: ]
[num_machines: 1]
[local_listen_port: 12400]
[time_out: 120]
[machine_list_filename: ]
[machines: ]
[gpu_platform_id: -1]
[gpu_device_id: -1]
[gpu_use_dp: 0]
[num_gpu: 1]

end of parameters

pandas_categorical:[]
