tree
version=v4
num_class=1
num_tree_per_iteration=1
label_index=0
max_feature_idx=28
objective=regression
feature_names=ret_1d ret_5d ret_20d vol_20d vol_60d dist_sma20 zscore_60d DXY_ret_5d DXY_ret_20d DXY_vol_20d VIX_lvl VIX_ret_5d VIX_ret_20d VIX_vol_20d DGS10_lvl DGS10_ret_5d DGS10_ret_20d DGS10_vol_20d DFF_lvl DFF_ret_5d DFF_ret_20d DFF_vol_20d T10Y2Y_lvl T10Y2Y_ret_5d T10Y2Y_ret_20d T10Y2Y_vol_20d SOYBEANS_ret_5d SOYBEANS_ret_20d SOYBEANS_vol_20d
feature_infos=[-0.053466020993040209:0.78064402410641343] [-0.091059530839615377:0.78857551390873493] [-0.10169470166560046:0.81901328035922294] [7.2104302003117568e-05:0.17444965668794002] [0.00064498376249484419:0.10078210466459586] [-0.054690788389449706:1.0956638603393254] [-7.4289956013231802:7.586552664080954] [-0.079974460780886325:0.052918397191728417] [-0.10161625382829964:0.11629473925670908] [0.0012965675371935925:0.01288712818343282] [9.1400000000000006:82.689999999999998] [-0.55909291210651668:1.1407237740182365] [-0.76225097212909132:1.7991637635396711] [0.21885828147095893:10.231592920176725] [0.52000000000000002:5.2599999999999998] [-0.71149631922814183:0.36396537720141164] [-1.0608719606852626:0.36412376795172297] [0.015861240410776269:0.14514149176434346] [0.040000000000000001:5.4100000000000001] [-1.9924301646902063:1.4170660197866445] [-3.0910424533583156:1.5040773967762742] [0:0.61974082019060694] [-1.0800000000000001:2.9100000000000001] [-2.4849066497879999:2.3978952727983707] [-3.1354942159291492:3.0910424533583152] [0.0085069630922340617:0.13247045350806183] [-0.26468238547666889:0.23326168147979498] [-0.49308679942860945:0.24082837867972007] [0.0043309174312704413:0.078466294425747873]
tree_sizes=1510 1557 1563 1577 1570

Tree=0
num_leaves=15
num_cat=0
split_feature=2 18 26 1 0 2 5 14 24 4 18 5 5 21
split_gain=0.115448 0.102431 0.0206831 0.0259201 0.0165987 0.0130757 0.00706569 0.0047655 0.0032349 0.00297943 0.00494383 0.00228775 0.00182731 0.00182684
threshold=0.03600649597154449 5.0750000000000011 -0.029202027161058016 0.032407269394766576 -0.0080360334697182605 0.018467943212900465 0.029629357433129451 3.0750000000000006 0.010341602658520412 0.0056568739590170869 0.38500000000000006 0.0092041544600062631 0.0085265710276613317 0.032436171126312523
decision_type=10 2 10 10 8 10 10 2 8 10 2 10 8 10
left_child=4 2 -2 6 -1 7 8 11 -4 10 -7 -6 -9 -11
right_child=1 -3 3 -5 5 9 -8 12 -10 13 -12 -13 -14 -15
leaf_value=0.0058994735675077271 0.006257145122525596 0.0069390558543213441 0.0056679908121721858 0.0052910886871133361 0.005551419074745643 0.0056739716018916891 0.0061040368356752037 0.0054894344293217705 0.0058692397306549533 0.0056659826679211611 0.0059337855923205039 0.0057095226637252422 0.0053425037179283905 0.0054757050895121442
leaf_weight=130 95 89 105 82 1375 337 91 1017 228 100 81 87 83 82
leaf_count=130 95 89 105 82 1375 337 91 1017 228 100 81 87 83 82
internal_value=0.00564243 0.00599498 0.00585327 0.0057764 0.00556846 0.00555478 0.00587089 0.00552526 0.00580602 0.0056808 0.00572487 0.00556086 0.00547808 0.00557975
internal_weight=3982 690 601 506 3292 3162 424 2562 333 600 418 1462 1100 182
internal_count=3982 690 601 506 3292 3162 424 2562 333 600 418 1462 1100 182
is_linear=0
shrinkage=1


Tree=1
num_leaves=15
num_cat=0
split_feature=2 13 22 2 0 2 21 21 13 4 3 4 21 24
split_gain=0.108676 0.0765393 0.0200969 0.026892 0.0156233 0.012305 0.00445801 0.00319341 0.0028053 0.00280528 0.00356319 0.00234228 0.00172014 0.00151634
threshold=0.03600649597154449 0.60231020003819802 0.48500000000000004 0.070822756372976539 -0.0080360334697182605 0.018467943212900465 0.029199855803535991 0.06931048043219902 1.5262752632613974 0.0056568739590170869 0.0034167787447993525 0.0052972456116808274 0.032436171126312523 0.25243174718161426
decision_type=10 10 2 10 8 10 10 8 10 10 10 8 10 8
left_child=4 -2 3 8 -1 7 -4 13 -3 10 -7 -9 -11 -6
right_child=1 2 6 -5 5 9 -8 11 -10 12 -12 -13 -14 -15
leaf_value=0.0002389621155075231 0.0011923823860307469 0.00025092340893766765 -0.00017349429543780085 0.00076434197810303886 -0.00010109470971824551 2.5996433843926594e-05 0.00010713986475717059 -0.00015533408585683694 4.4755989464891437e-05 1.2423345602421772e-05 0.00024559938899172657 -0.00033467126685761764 -0.00017221385347204569 -0.0001686108262248306
leaf_weight=130 81 227 98 99 1906 336 104 198 81 100 82 100 82 358
leaf_count=130 81 227 98 99 1906 336 104 198 81 100 82 100 82 358
internal_value=-1.04087e-05 0.000331641 0.000215391 0.000336556 -8.21809e-05 -9.54555e-05 -2.91933e-05 -0.000124086 0.000197024 2.67996e-05 6.95598e-05 -0.000216432 -7.12513e-05 -0.000111841
internal_weight=3982 690 609 407 3292 3162 202 2562 308 600 418 298 182 2264
internal_count=3982 690 609 407 3292 3162 202 2562 308 600 418 298 182 2264
is_linear=0
shrinkage=0.03


Tree=2
num_leaves=15
num_cat=0
split_feature=22 6 2 0 26 1 5 1 14 23 4 5 5 7
split_gain=0.104897 0.0789918 0.0326531 0.0173466 0.013388 0.0255858 0.0135424 0.00521754 0.00436378 0.00238197 0.00330664 0.00236701 0.00194923 0.00137038
threshold=-0.42499999999999993 1.7832587178684058 0.018719434309051767 -0.0080360334697182605 -0.034250888576027975 0.034684847958883054 0.033364730625091966 0.014182822175427658 3.0750000000000006 0.10805127332570891 0.010154190894110198 0.009362425325156196 0.0086546278289365772 -0.010056937585717572
decision_type=2 10 10 8 10 10 10 10 2 8 10 10 8 10
left_child=1 -1 3 -2 -4 6 7 9 11 10 -6 13 -10 -5
right_child=2 -3 4 8 5 -7 -8 -9 12 -11 -12 -13 -14 -15
leaf_value=0.00019222586841583796 0.00025046710779911473 0.0013709758240858919 0.00038459190678916073 -0.00017367552819127073 3.6863412852707915e-05 -0.00044705465546680248 0.00046093478575622774 0.00026066849478411313 -0.00015411136195195855 0.00013775492414903342 -0.00015952752795607422 7.164754171551774e-05 -0.00030825695824912851 -8.3983810130454297e-05
leaf_weight=140 118 80 123 176 452 83 84 103 1009 151 92 80 80 1211
leaf_count=140 118 80 123 176 452 83 84 103 1009 151 92 80 80 1211
internal_value=-1.0083e-05 0.000625126 -4.7386e-05 -0.000103754 9.11181e-05 5.33522e-05 0.000100896 6.24673e-05 -0.000120198 3.27612e-05 3.41847e-06 -8.63253e-05 -0.000165708 -9.54819e-05
internal_weight=3982 220 3762 2674 1088 965 882 798 2556 695 544 1467 1089 1387
internal_count=3982 220 3762 2674 1088 965 882 798 2556 695 544 1467 1089 1387
is_linear=0
shrinkage=0.03


Tree=3
num_leaves=15
num_cat=0
split_feature=22 28 2 27 21 12 5 14 9 5 28 25 6 17
split_gain=0.0987615 0.0792786 0.0307308 0.0120583 0.0167691 0.00916204 0.00513791 0.00538935 0.00438294 0.00364547 0.00290518 0.00298112 0.00164814 0.00382187
threshold=-0.42499999999999993 0.012742763728827393 0.018719434309051767 0.0052814412327677482 0.0045883146773942635 0.26227898766053653 -0.015691809107142737 3.0750000000000006 0.0069760270603424369 0.024590596081689467 0.0098041096187454404 0.037743942390833458 0.58292583879075111 0.036273809603595268
decision_type=2 10 10 10 10 10 8 2 10 10 10 10 10 10
left_child=1 -1 6 4 -4 10 -2 8 12 -5 -6 -12 13 -8
right_child=2 -3 3 9 5 -7 7 -9 -10 -11 11 -13 -14 -15
leaf_value=0.00016464826163637751 0.00010531413417525722 0.0013393866302899972 0.00045368626877176458 1.9692073089742565e-05 0.00012098727063346828 0.0003455167676539502 0.00015253767156093266 -0.00015951294023092805 0.00011936254920824061 -0.00019875387404075202 -0.00020357166873376315 3.5604774811376544e-05 -0.00010095745300033705 -9.6831909214790149e-05
leaf_weight=138 104 82 152 454 120 92 81 1093 100 80 81 109 1127 169
leaf_count=138 104 82 152 454 120 92 81 1093 100 80 81 109 1127 169
internal_value=-9.76668e-06 0.000606585 -4.59622e-05 8.84031e-05 0.000186325 8.43577e-05 -0.000100646 -0.000109018 -7.15681e-05 -1.33442e-05 5.9907e-06 -6.68919e-05 -8.55104e-05 -1.57503e-05
internal_weight=3982 220 3762 1088 554 402 2674 2570 1477 534 310 190 1377 250
internal_count=3982 220 3762 1088 554 402 2674 2570 1477 534 310 190 1377 250
is_linear=0
shrinkage=0.03


Tree=4
num_leaves=15
num_cat=0
split_feature=22 28 2 0 27 9 3 3 14 4 18 5 5 7
split_gain=0.0929832 0.074652 0.0289195 0.0160759 0.0113516 0.0158309 0.00784656 0.00655362 0.00384157 0.00371029 0.00270829 0.00221273 0.00183463 0.0012969
threshold=-0.42499999999999993 0.012742763728827393 0.018719434309051767 -0.0080360334697182605 0.0052814412327677482 0.0031179293542594436 0.013218785351170735 0.012637944340708487 3.0750000000000006 0.0052387610412024986 0.24500000000000002 0.009362425325156196 0.0086546278289365772 -0.010056937585717572
decision_type=2 10 10 8 10 10 10 10 2 10 2 10 8 10
left_child=1 -1 3 -2 5 -4 9 -6 11 10 -7 13 -10 -5
right_child=2 -3 4 8 7 6 -8 -9 12 -11 -12 -13 -14 -15
leaf_value=0.00015974434437280482 0.00024336815694957347 0.0012996891479944831 0.0004607227547043241 -0.00016658469356702033 3.3246826638364395e-05 -2.064076531527901e-05 0.00032377452685198346 -0.00025124358790043483 -0.00014491646942044981 -0.00010302203230579228 0.00020769832327941377 7.1050482562255908e-05 -0.00029439710841365415 -7.9346619966843104e-05
leaf_weight=138 118 82 136 176 448 86 97 86 1009 134 101 80 80 1211
leaf_count=138 118 82 136 176 448 86 97 86 1009 134 101 80 80 1211
internal_value=-9.45789e-06 0.000588591 -4.45786e-05 -9.7626e-05 8.57668e-05 0.000180776 8.88101e-05 -1.2954e-05 -0.000113457 1.70233e-05 0.000103136 -8.16747e-05 -0.000156158 -9.05285e-05
internal_weight=3982 220 3762 2674 1088 554 418 534 2556 321 187 1467 1089 1387
internal_count=3982 220 3762 2674 1088 554 418 534 2556 321 187 1467 1089 1387
is_linear=0
shrinkage=0.03


end of trees

feature_importances:
dist_sma20=10
ret_20d=8
vol_60d=5
DFF_vol_20d=5
ret_1d=4
DGS10_lvl=4
T10Y2Y_lvl=4
ret_5d=3
vol_20d=3
DFF_lvl=3
SOYBEANS_vol_20d=3
zscore_60d=2
DXY_ret_5d=2
DXY_vol_20d=2
VIX_vol_20d=2
T10Y2Y_ret_20d=2
SOYBEANS_ret_5d=2
SOYBEANS_ret_20d=2
VIX_ret_20d=1
DGS10_vol_20d=1
T10Y2Y_ret_5d=1
T10Y2Y_vol_20d=1

parameters:
[boosting: gbdt]
[objective: regression]
[metric: rmse]
[tree_learner: serial]
[device_type: cpu]
[data_sample_strategy: bagging]
[data: ]
[valid: ]
[num_iterations: 600]
[learning_rate: 0.03]
[num_leaves: 15]
[num_threads: 0]
[seed: 0]
[deterministic: 0]
[force_col_wise: 0]
[force_row_wise: 0]
[histogram_pool_size: -1]
[max_depth: -1]
[min_data_in_leaf: 80]
[min_sum_hessian_in_leaf: 0.001]
[bagging_fraction: 0.8]
[pos_bagging_fraction: 1]
[neg_bagging_fraction: 1]
[bagging_freq: 5]
[bagging_seed: 3]
[bagging_by_query: 0]
[feature_fraction: 0.8]
[feature_fraction_bynode: 1]
[feature_fraction_seed: 2]
[extra_trees: 0]
[extra_seed: 6]
[early_stopping_round: 0]
[early_stopping_min_delta: 0]
[first_metric_only: 0]
[max_delta_step: 0]
[lambda_l1: 0]
[lambda_l2: 1]
[linear_lambda: 0]
[min_gain_to_split: 0]
[drop_rate: 0.1]
[max_drop: 50]
[skip_drop: 0.5]
[xgboost_dart_mode: 0]
[uniform_drop: 0]
[drop_seed: 4]
[top_rate: 0.2]
[other_rate: 0.1]
[min_data_per_group: 100]
[max_cat_threshold: 32]
[cat_l2: 10]
[cat_smooth: 10]
[max_cat_to_onehot: 4]
[top_k: 20]
[monotone_constraints: ]
[monotone_constraints_method: basic]
[monotone_penalty: 0]
[feature_contri: ]
[forcedsplits_filename: ]
[refit_decay_rate: 0.9]
[cegb_tradeoff: 1]
[cegb_penalty_split: 0]
[cegb_penalty_feature_lazy: ]
[cegb_penalty_feature_coupled: ]
[path_smooth: 0]
[interaction_constraints: ]
[verbosity: -1]
[saved_feature_importance_type: 0]
[use_quantized_grad: 0]
[num_grad_quant_bins: 4]
[quant_train_renew_leaf: 0]
[stochastic_rounding: 1]
[linear_tree: 0]
[max_bin: 255]
[max_bin_by_feature: ]
[min_data_in_bin: 3]
[bin_construct_sample_cnt: 200000]
[data_random_seed: 1]
[is_enable_sparse: 1]
[enable_bundle: 1]
[use_missing: 1]
[zero_as_missing: 0]
[feature_pre_filter: 1]
[pre_partition: 0]
[two_round: 0]
[header: 0]
[label_column: ]
[weight_column: ]
[group_column: ]
[ignore_column: ]
[categorical_feature: ]
[forcedbins_filename: ]
[precise_float_parser: 0]
[parser_config_file: ]
[objective_seed: 5]
[num_class: 1]
[is_unbalance: 0]
[scale_pos_weight: 1]
[sigmoid: 1]
[boost_from_average: 1]
[reg_sqrt: 0]
[alpha: 0.9]
[fair_c: 1]
[poisson_max_delta_step: 0.7]
[tweedie_variance_power: 1.5]
[lambdarank_truncation_level: 30]
[lambdarank_norm: 1]
[label_gain: ]
[lambdarank_position_bias_regularization: 0]
[eval_at: ]
[multi_error_top_k: 1]
[auc_mu_weights: ]
[num_machines: 1]
[local_listen_port: 12400]
[time_out: 120]
[machine_list_filename: ]
[machines: ]
[gpu_platform_id: -1]
[gpu_device_id: -1]
[gpu_use_dp: 0]
[num_gpu: 1]

end of parameters

pandas_categorical:[]
